
          t        hper         hap 
        0.00     200.000     200.000
        0.10     199.919     200.225
        0.20     199.839     200.450
        0.30     199.758     200.676
        0.40     199.678     200.901
        0.50     199.597     201.126
        0.60     199.517     201.351
        0.70     199.436     201.577
        0.80     199.356     201.802
        0.90     199.275     202.027
        1.00     199.195     202.252
        1.10     199.114     202.477
        1.20     199.034     202.703
        1.30     198.953     202.928
        1.40     198.873     203.153
        1.50     198.792     203.378
        1.60     198.712     203.603
        1.70     198.631     203.829
        1.80     198.551     204.054
        1.90     198.470     204.279
        2.00     198.389     204.504
        2.10     198.309     204.729
        2.20     198.228     204.955
        2.30     198.148     205.180
        2.40     198.067     205.405
        2.50     197.987     205.630
        2.60     197.906     205.855
        2.70     197.826     206.081
        2.80     197.745     206.306
        2.90     197.665     206.531
        3.00     197.584     206.756
        3.10     197.504     206.981
        3.20     197.423     207.206
        3.30     197.343     207.432
        3.40     197.262     207.657
        3.50     197.182     207.882
        3.60     197.101     208.107
        3.70     197.021     208.332
        3.80     196.940     208.558
        3.90     196.860     208.783
        4.00     196.779     209.008
        4.10     196.699     209.233
        4.20     196.618     209.458
        4.30     196.538     209.683
        4.40     196.457     209.909
        4.50     196.377     210.134
        4.60     196.296     210.359
        4.70     196.216     210.584
        4.80     196.135     210.809
        4.90     196.055     211.034
        5.00     195.974     211.260
        5.10     195.894     211.485
        5.20     195.813     211.710
        5.30     195.733     211.935
        5.40     195.652     212.160
        5.50     195.572     212.385
        5.60     195.491     212.611
        5.70     195.411     212.836
        5.80     195.330     213.061
        5.90     195.250     213.286
        6.00     195.169     213.511
        6.10     195.089     213.736
        6.20     195.008     213.962
        6.30     194.928     214.187
        6.40     194.847     214.412
        6.50     194.767     214.637
        6.60     194.686     214.862
        6.70     194.606     215.087
        6.80     194.525     215.312
        6.90     194.445     215.538
        7.00     194.364     215.763
        7.10     194.284     215.988
        7.20     194.203     216.213
        7.30     194.123     216.438
        7.40     194.042     216.663
        7.50     193.962     216.889
        7.60     193.881     217.114
        7.70     193.801     217.339
        7.80     193.720     217.564
        7.90     193.640     217.789
        8.00     193.559     218.014
        8.10     193.479     218.239
        8.20     193.398     218.465
        8.30     193.318     218.690
        8.40     193.237     218.915
        8.50     193.157     219.140
        8.60     193.076     219.365
        8.70     192.996     219.590
        8.80     192.915     219.815
        8.90     192.835     220.041
        9.00     192.754     220.266
        9.10     192.674     220.491
        9.20     192.594     220.716
        9.30     192.513     220.941
        9.40     192.433     221.166
        9.50     192.352     221.391
        9.60     192.272     221.617
        9.70     192.191     221.842
        9.80     192.111     222.067
        9.90     192.030     222.292
       10.00     191.950     222.517
       10.10     191.869     222.742
       10.20     191.789     222.967
       10.30     191.708     223.193
       10.40     191.628     223.418
       10.50     191.547     223.643
       10.60     191.467     223.868
       10.70     191.387     224.093
       10.80     191.306     224.318
       10.90     191.226     224.543
       11.00     191.145     224.769
       11.10     191.065     224.994
       11.20     190.984     225.219
       11.30     190.904     225.444
       11.40     190.823     225.669
       11.50     190.743     225.894
       11.60     190.663     226.119
       11.70     190.582     226.345
       11.80     190.502     226.570
       11.90     190.421     226.795
       12.00     190.341     227.020
       12.10     190.260     227.245
       12.20     190.180     227.470
       12.30     190.099     227.695
       12.40     190.019     227.921
       12.50     189.939     228.146
       12.60     189.858     228.371
       12.70     189.778     228.596
       12.80     189.697     228.821
       12.90     189.617     229.046
       13.00     189.536     229.271
       13.10     189.456     229.496
       13.20     189.376     229.722
       13.30     189.295     229.947
       13.40     189.215     230.172
       13.50     189.134     230.397
       13.60     189.054     230.622
       13.70     188.973     230.847
       13.80     188.893     231.072
       13.90     188.813     231.298
       14.00     188.732     231.523
       14.10     188.652     231.748
       14.20     188.571     231.973
       14.30     188.491     232.198
       14.40     188.410     232.423
       14.50     188.330     232.648
       14.60     188.250     232.874
       14.70     188.169     233.099
       14.80     188.089     233.324
       14.90     188.008     233.549
       15.00     187.928     233.774
       15.10     187.848     233.999
       15.20     187.767     234.224
       15.30     187.687     234.450
       15.40     187.606     234.675
       15.50     187.526     234.900
       15.60     187.446     235.125
       15.70     187.365     235.350
       15.80     187.285     235.575
       15.90     187.204     235.801
       16.00     187.124     236.026
       16.10     187.044     236.251
       16.20     186.963     236.476
       16.30     186.883     236.701
       16.40     186.803     236.926
       16.50     186.722     237.151
       16.60     186.642     237.377
       16.70     186.561     237.602
       16.80     186.481     237.827
       16.90     186.401     238.052
       17.00     186.320     238.277
       17.10     186.240     238.502
       17.20     186.160     238.728
       17.30     186.079     238.953
       17.40     185.999     239.178
       17.50     185.918     239.403
       17.60     185.838     239.628
       17.70     185.758     239.853
       17.80     185.677     240.078
       17.90     185.597     240.304
       18.00     185.517     240.529
       18.10     185.436     240.754
       18.20     185.356     240.979
       18.30     185.276     241.204
       18.40     185.195     241.429
       18.50     185.115     241.655
       18.60     185.034     241.880
       18.70     184.954     242.105
       18.80     184.874     242.330
       18.90     184.793     242.555
       19.00     184.713     242.780
       19.10     184.633     243.006
       19.20     184.552     243.231
       19.30     184.472     243.456
       19.40     184.392     243.681
       19.50     184.311     243.906
       19.60     184.231     244.132
       19.70     184.151     244.357
       19.80     184.070     244.582
       19.90     183.990     244.807
       20.00     183.910     245.032
       20.10     183.829     245.257
       20.20     183.749     245.483
       20.30     183.669     245.708
       20.40     183.588     245.933
       20.50     183.508     246.158
       20.60     183.428     246.383
       20.70     183.347     246.609
       20.80     183.267     246.834
       20.90     183.187     247.059
       21.00     183.107     247.284
       21.10     183.026     247.509
       21.20     182.946     247.735
       21.30     182.866     247.960
       21.40     182.785     248.185
       21.50     182.705     248.410
       21.60     182.625     248.635
       21.70     182.544     248.861
       21.80     182.464     249.086
       21.90     182.384     249.311
       22.00     182.304     249.536
       22.10     182.223     249.761
       22.20     182.143     249.987
       22.30     182.063     250.212
       22.40     181.982     250.437
       22.50     181.902     250.662
       22.60     181.822     250.887
       22.70     181.742     251.113
       22.80     181.661     251.338
       22.90     181.581     251.563
       23.00     181.501     251.788
       23.10     181.420     252.013
       23.20     181.340     252.239
       23.30     181.260     252.464
       23.40     181.180     252.689
       23.50     181.099     252.914
       23.60     181.019     253.140
       23.70     180.939     253.365
       23.80     180.859     253.590
       23.90     180.778     253.815
       24.00     180.698     254.041
       24.10     180.618     254.266
       24.20     180.538     254.491
       24.30     180.457     254.716
       24.40     180.377     254.942
       24.50     180.297     255.167
       24.60     180.217     255.392
       24.70     180.136     255.617
       24.80     180.056     255.842
       24.90     179.976     256.068
       25.00     179.896     256.293
       25.10     179.816     256.518
       25.20     179.735     256.744
       25.30     179.655     256.969
       25.40     179.575     257.194
       25.50     179.495     257.419
       25.60     179.414     257.645
       25.70     179.334     257.870
       25.80     179.254     258.095
       25.90     179.174     258.320
       26.00     179.094     258.546
       26.10     179.013     258.771
       26.20     178.933     258.996
       26.30     178.853     259.221
       26.40     178.773     259.447
       26.50     178.693     259.672
       26.60     178.612     259.897
       26.70     178.532     260.123
       26.80     178.452     260.348
       26.90     178.372     260.573
       27.00     178.292     260.798
       27.10     178.211     261.024
       27.20     178.131     261.249
       27.30     178.051     261.474
       27.40     177.971     261.700
       27.50     177.891     261.925
       27.60     177.810     262.150
       27.70     177.730     262.376
       27.80     177.650     262.601
       27.90     177.570     262.826
       28.00     177.490     263.051
       28.10     177.410     263.277
       28.20     177.329     263.502
       28.30     177.249     263.727
       28.40     177.169     263.953
       28.50     177.089     264.178
       28.60     177.009     264.403
       28.70     176.929     264.629
       28.80     176.849     264.854
       28.90     176.768     265.079
       29.00     176.688     265.305
       29.10     176.608     265.530
       29.20     176.528     265.755
       29.30     176.448     265.981
       29.40     176.368     266.206
       29.50     176.288     266.431
       29.60     176.207     266.657
       29.70     176.127     266.882
       29.80     176.047     267.107
       29.90     175.967     267.333
       30.00     175.887     267.558
       30.10     175.807     267.783
       30.20     175.727     268.009
       30.30     175.647     268.234
       30.40     175.567     268.460
       30.50     175.486     268.685
       30.60     175.406     268.910
       30.70     175.326     269.136
       30.80     175.246     269.361
       30.90     175.166     269.586
       31.00     175.086     269.812
       31.10     175.006     270.037
       31.20     174.926     270.263
       31.30     174.846     270.488
       31.40     174.766     270.713
       31.50     174.686     270.939
       31.60     174.605     271.164
       31.70     174.525     271.390
       31.80     174.445     271.615
       31.90     174.365     271.840
       32.00     174.285     272.066
       32.10     174.205     272.291
       32.20     174.125     272.517
       32.30     174.045     272.742
       32.40     173.965     272.967
       32.50     173.885     273.193
       32.60     173.805     273.418
       32.70     173.725     273.644
       32.80     173.645     273.869
       32.90     173.565     274.095
       33.00     173.485     274.320
       33.10     173.405     274.545
       33.20     173.325     274.771
       33.30     173.245     274.996
       33.40     173.164     275.222
       33.50     173.084     275.447
       33.60     173.004     275.673
       33.70     172.924     275.898
       33.80     172.844     276.124
       33.90     172.764     276.349
       34.00     172.684     276.574
       34.10     172.604     276.800
       34.20     172.524     277.025
       34.30     172.444     277.251
       34.40     172.364     277.476
       34.50     172.284     277.702
       34.60     172.204     277.927
       34.70     172.124     278.153
       34.80     172.044     278.378
       34.90     171.964     278.604
       35.00     171.884     278.829
       35.10     171.804     279.055
       35.20     171.724     279.280
       35.30     171.644     279.506
       35.40     171.564     279.731
       35.50     171.485     279.957
       35.60     171.405     280.182
       35.70     171.325     280.408
       35.80     171.245     280.633
       35.90     171.165     280.859
       36.00     171.085     281.084
       36.10     171.005     281.310
       36.20     170.925     281.536
       36.30     170.845     281.761
       36.40     170.765     281.987
       36.50     170.685     282.212
       36.60     170.605     282.438
       36.70     170.525     282.663
       36.80     170.445     282.889
       36.90     170.365     283.114
       37.00     170.285     283.340
       37.10     170.205     283.565
       37.20     170.125     283.791
       37.30     170.046     284.017
       37.40     169.966     284.242
       37.50     169.886     284.468
       37.60     169.806     284.693
       37.70     169.726     284.919
       37.80     169.646     285.145
       37.90     169.566     285.370
       38.00     169.486     285.596
       38.10     169.406     285.821
       38.20     169.326     286.047
       38.30     169.247     286.272
       38.40     169.167     286.498
       38.50     169.087     286.724
       38.60     169.007     286.949
       38.70     168.927     287.175
       38.80     168.847     287.401
       38.90     168.767     287.626
       39.00     168.687     287.852
       39.10     168.608     288.077
       39.20     168.528     288.303
       39.30     168.448     288.529
       39.40     168.368     288.754
       39.50     168.288     288.980
       39.60     168.208     289.206
       39.70     168.128     289.431
       39.80     168.049     289.657
       39.90     167.969     289.883
       40.00     167.889     290.108
       40.10     167.809     290.334
       40.20     167.729     290.560
       40.30     167.649     290.785
       40.40     167.570     291.011
       40.50     167.490     291.237
       40.60     167.410     291.462
       40.70     167.330     291.688
       40.80     167.250     291.914
       40.90     167.171     292.140
       41.00     167.091     292.365
       41.10     167.011     292.591
       41.20     166.931     292.817
       41.30     166.851     293.042
       41.40     166.772     293.268
       41.50     166.692     293.494
       41.60     166.612     293.720
       41.70     166.532     293.945
       41.80     166.452     294.171
       41.90     166.373     294.397
       42.00     166.293     294.623
       42.10     166.213     294.848
       42.20     166.133     295.074
       42.30     166.054     295.300
       42.40     165.974     295.526
       42.50     165.894     295.751
       42.60     165.814     295.977
       42.70     165.735     296.203
       42.80     165.655     296.429
       42.90     165.575     296.655
       43.00     165.495     296.880
       43.10     165.416     297.106
       43.20     165.336     297.332
       43.30     165.256     297.558
       43.40     165.176     297.784
       43.50     165.097     298.009
       43.60     165.017     298.235
       43.70     164.937     298.461
       43.80     164.858     298.687
       43.90     164.778     298.913
       44.00     164.698     299.139
       44.10     164.619     299.364
       44.20     164.539     299.590
       44.30     164.459     299.816
       44.40     164.379     300.042
       44.50     164.300     300.268
       44.60     164.220     300.494
       44.70     164.140     300.719
       44.80     164.061     300.945
       44.90     163.981     301.171
       45.00     163.901     301.397
       45.10     163.822     301.623
       45.20     163.742     301.849
       45.30     163.662     302.075
       45.40     163.583     302.301
       45.50     163.503     302.527
       45.60     163.424     302.753
       45.70     163.344     302.978
       45.80     163.264     303.204
       45.90     163.185     303.430
       46.00     163.105     303.656
       46.10     163.025     303.882
       46.20     162.946     304.108
       46.30     162.866     304.334
       46.40     162.787     304.560
       46.50     162.707     304.786
       46.60     162.627     305.012
       46.70     162.548     305.238
       46.80     162.468     305.464
       46.90     162.389     305.690
       47.00     162.309     305.916
       47.10     162.229     306.142
       47.20     162.150     306.368
       47.30     162.070     306.594
       47.40     161.991     306.820
       47.50     161.911     307.046
       47.60     161.831     307.272
       47.70     161.752     307.498
       47.80     161.672     307.724
       47.90     161.593     307.950
       48.00     161.513     308.176
       48.10     161.434     308.402
       48.20     161.354     308.628
       48.30     161.275     308.854
       48.40     161.195     309.080
       48.50     161.116     309.306
       48.60     161.036     309.532
       48.70     160.956     309.758
       48.80     160.877     309.984
       48.90     160.797     310.210
       49.00     160.718     310.436
       49.10     160.638     310.662
       49.20     160.559     310.889
       49.30     160.479     311.115
       49.40     160.400     311.341
       49.50     160.320     311.567
       49.60     160.241     311.793
       49.70     160.161     312.019
       49.80     160.082     312.245
       49.90     160.003     312.471
       50.00     159.923     312.697
       50.10     159.844     312.924
       50.20     159.764     313.150
       50.30     159.685     313.376
       50.40     159.605     313.602
       50.50     159.526     313.828
       50.60     159.446     314.054
       50.70     159.367     314.281
       50.80     159.287     314.507
       50.90     159.208     314.733
       51.00     159.129     314.959
       51.10     159.049     315.185
       51.20     158.970     315.411
       51.30     158.890     315.638
       51.40     158.811     315.864
       51.50     158.731     316.090
       51.60     158.652     316.316
       51.70     158.573     316.543
       51.80     158.493     316.769
       51.90     158.414     316.995
       52.00     158.334     317.221
       52.10     158.255     317.447
       52.20     158.176     317.674
       52.30     158.096     317.900
       52.40     158.017     318.126
       52.50     157.938     318.353
       52.60     157.858     318.579
       52.70     157.779     318.805
       52.80     157.699     319.031
       52.90     157.620     319.258
       53.00     157.541     319.484
       53.10     157.461     319.710
       53.20     157.382     319.937
       53.30     157.303     320.163
       53.40     157.223     320.389
       53.50     157.144     320.616
       53.60     157.065     320.842
       53.70     156.985     321.068
       53.80     156.906     321.295
       53.90     156.827     321.521
       54.00     156.747     321.747
       54.10     156.668     321.974
       54.20     156.589     322.200
       54.30     156.510     322.426
       54.40     156.430     322.653
       54.50     156.351     322.879
       54.60     156.272     323.106
       54.70     156.192     323.332
       54.80     156.113     323.558
       54.90     156.034     323.785
       55.00     155.955     324.011
       55.10     155.875     324.238
       55.20     155.796     324.464
       55.30     155.717     324.691
       55.40     155.638     324.917
       55.50     155.558     325.143
       55.60     155.479     325.370
       55.70     155.400     325.596
       55.80     155.321     325.823
       55.90     155.241     326.049
       56.00     155.162     326.276
       56.10     155.083     326.502
       56.20     155.004     326.729
       56.30     154.925     326.955
       56.40     154.845     327.182
       56.50     154.766     327.408
       56.60     154.687     327.635
       56.70     154.608     327.861
       56.80     154.529     328.088
       56.90     154.449     328.314
       57.00     154.370     328.541
       57.10     154.291     328.768
       57.20     154.212     328.994
       57.30     154.133     329.221
       57.40     154.054     329.447
       57.50     153.974     329.674
       57.60     153.895     329.900
       57.70     153.816     330.127
       57.80     153.737     330.354
       57.90     153.658     330.580
       58.00     153.579     330.807
       58.10     153.500     331.033
       58.20     153.421     331.260
       58.30     153.341     331.487
       58.40     153.262     331.713
       58.50     153.183     331.940
       58.60     153.104     332.167
       58.70     153.025     332.393
       58.80     152.946     332.620
       58.90     152.867     332.847
       59.00     152.788     333.073
       59.10     152.709     333.300
       59.20     152.630     333.527
       59.30     152.551     333.753
       59.40     152.471     333.980
       59.50     152.392     334.207
       59.60     152.313     334.434
       59.70     152.234     334.660
       59.80     152.155     334.887
       59.90     152.076     335.114
       60.00     151.997     335.341
       60.10     151.918     335.567
       60.20     151.839     335.794
       60.30     151.760     336.021
       60.40     151.681     336.248
       60.50     151.602     336.474
       60.60     151.523     336.701
       60.70     151.444     336.928
       60.80     151.365     337.155
       60.90     151.286     337.382
       61.00     151.207     337.608
       61.10     151.128     337.835
       61.20     151.049     338.062
       61.30     150.970     338.289
       61.40     150.891     338.516
       61.50     150.812     338.743
       61.60     150.733     338.969
       61.70     150.654     339.196
       61.80     150.575     339.423
       61.90     150.496     339.650
       62.00     150.418     339.877
       62.10     150.339     340.104
       62.20     150.260     340.331
       62.30     150.181     340.558
       62.40     150.102     340.785
       62.50     150.023     341.012
       62.60     149.944     341.239
       62.70     149.865     341.465
       62.80     149.786     341.692
       62.90     149.707     341.919
       63.00     149.628     342.146
       63.10     149.550     342.373
       63.20     149.471     342.600
       63.30     149.392     342.827
       63.40     149.313     343.054
       63.50     149.234     343.281
       63.60     149.155     343.508
       63.70     149.076     343.735
       63.80     148.997     343.962
       63.90     148.919     344.189
       64.00     148.840     344.416
       64.10     148.761     344.643
       64.20     148.682     344.871
       64.30     148.603     345.098
       64.40     148.525     345.325
       64.50     148.446     345.552
       64.60     148.367     345.779
       64.70     148.288     346.006
       64.80     148.209     346.233
       64.90     148.131     346.460
       65.00     148.052     346.687
       65.10     147.973     346.914
       65.20     147.894     347.142
       65.30     147.815     347.369
       65.40     147.737     347.596
       65.50     147.658     347.823
       65.60     147.579     348.050
       65.70     147.500     348.277
       65.80     147.422     348.505
       65.90     147.343     348.732
       66.00     147.264     348.959
       66.10     147.185     349.186
       66.20     147.107     349.413
       66.30     147.028     349.641
       66.40     146.949     349.868
       66.50     146.871     350.095
       66.60     146.792     350.322
       66.70     146.713     350.550
       66.80     146.635     350.777
       66.90     146.556     351.004
       67.00     146.477     351.231
       67.10     146.398     351.459
       67.20     146.320     351.686
       67.30     146.241     351.913
       67.40     146.162     352.141
       67.50     146.084     352.368
       67.60     146.005     352.595
       67.70     145.927     352.823
       67.80     145.848     353.050
       67.90     145.769     353.277
       68.00     145.691     353.505
       68.10     145.612     353.732
       68.20     145.533     353.959
       68.30     145.455     354.187
       68.40     145.376     354.414
       68.50     145.298     354.642
       68.60     145.219     354.869
       68.70     145.140     355.096
       68.80     145.062     355.324
       68.90     144.983     355.551
       69.00     144.905     355.779
       69.10     144.826     356.006
       69.20     144.748     356.234
       69.30     144.669     356.461
       69.40     144.590     356.689
       69.50     144.512     356.916
       69.60     144.433     357.144
       69.70     144.355     357.371
       69.80     144.276     357.599
       69.90     144.198     357.826
       70.00     144.119     358.054
       70.10     144.041     358.281
       70.20     143.962     358.509
       70.30     143.884     358.736
       70.40     143.805     358.964
       70.50     143.727     359.191
       70.60     143.648     359.419
       70.70     143.570     359.647
       70.80     143.491     359.874
       70.90     143.413     360.102
       71.00     143.334     360.329
       71.10     143.256     360.557
       71.20     143.178     360.785
       71.30     143.099     361.012
       71.40     143.021     361.240
       71.50     142.942     361.468
       71.60     142.864     361.695
       71.70     142.785     361.923
       71.80     142.707     362.151
       71.90     142.629     362.378
       72.00     142.550     362.606
       72.10     142.472     362.834
       72.20     142.393     363.062
       72.30     142.315     363.289
       72.40     142.237     363.517
       72.50     142.158     363.745
       72.60     142.080     363.973
       72.70     142.002     364.200
       72.80     141.923     364.428
       72.90     141.845     364.656
       73.00     141.767     364.884
       73.10     141.688     365.112
       73.20     141.610     365.339
       73.30     141.532     365.567
       73.40     141.453     365.795
       73.50     141.375     366.023
       73.60     141.297     366.251
       73.70     141.218     366.479
       73.80     141.140     366.706
       73.90     141.062     366.934
       74.00     140.983     367.162
       74.10     140.905     367.390
       74.20     140.827     367.618
       74.30     140.749     367.846
       74.40     140.670     368.074
       74.50     140.592     368.302
       74.60     140.514     368.530
       74.70     140.436     368.758
       74.80     140.357     368.986
       74.90     140.279     369.214
       75.00     140.201     369.442
       75.10     140.123     369.670
       75.20     140.044     369.898
       75.30     139.966     370.126
       75.40     139.888     370.354
       75.50     139.810     370.582
       75.60     139.732     370.810
       75.70     139.654     371.038
       75.80     139.575     371.266
       75.90     139.497     371.494
       76.00     139.419     371.722
       76.10     139.341     371.950
       76.20     139.263     372.178
       76.30     139.185     372.406
       76.40     139.106     372.635
       76.50     139.028     372.863
       76.60     138.950     373.091
       76.70     138.872     373.319
       76.80     138.794     373.547
       76.90     138.716     373.775
       77.00     138.638     374.004
       77.10     138.560     374.232
       77.20     138.482     374.460
       77.30     138.403     374.688
       77.40     138.325     374.916
       77.50     138.247     375.145
       77.60     138.169     375.373
       77.70     138.091     375.601
       77.80     138.013     375.829
       77.90     137.935     376.058
       78.00     137.857     376.286
       78.10     137.779     376.514
       78.20     137.701     376.743
       78.30     137.623     376.971
       78.40     137.545     377.199
       78.50     137.467     377.428
       78.60     137.389     377.656
       78.70     137.311     377.884
       78.80     137.233     378.113
       78.90     137.155     378.341
       79.00     137.077     378.569
       79.10     136.999     378.798
       79.20     136.921     379.026
       79.30     136.843     379.255
       79.40     136.765     379.483
       79.50     136.687     379.711
       79.60     136.609     379.940
       79.70     136.531     380.168
       79.80     136.453     380.397
       79.90     136.376     380.625
       80.00     136.298     380.854
       80.10     136.220     381.082
       80.20     136.142     381.311
       80.30     136.064     381.539
       80.40     135.986     381.768
       80.50     135.908     381.996
       80.60     135.830     382.225
       80.70     135.752     382.453
       80.80     135.675     382.682
       80.90     135.597     382.911
       81.00     135.519     383.139
       81.10     135.441     383.368
       81.20     135.363     383.596
       81.30     135.285     383.825
       81.40     135.208     384.054
       81.50     135.130     384.282
       81.60     135.052     384.511
       81.70     134.974     384.740
       81.80     134.896     384.968
       81.90     134.818     385.197
       82.00     134.741     385.426
       82.10     134.663     385.655
       82.20     134.585     385.883
       82.30     134.507     386.112
       82.40     134.430     386.341
       82.50     134.352     386.569
       82.60     134.274     386.798
       82.70     134.196     387.027
       82.80     134.119     387.256
       82.90     134.041     387.485
       83.00     133.963     387.713
       83.10     133.886     387.942
       83.20     133.808     388.171
       83.30     133.730     388.400
       83.40     133.652     388.629
       83.50     133.575     388.858
       83.60     133.497     389.087
       83.70     133.419     389.315
       83.80     133.342     389.544
       83.90     133.264     389.773
       84.00     133.186     390.002
       84.10     133.109     390.231
       84.20     133.031     390.460
       84.30     132.954     390.689
       84.40     132.876     390.918
       84.50     132.798     391.147
       84.60     132.721     391.376
       84.70     132.643     391.605
       84.80     132.566     391.834
       84.90     132.488     392.063
       85.00     132.410     392.292
       85.10     132.333     392.521
       85.20     132.255     392.750
       85.30     132.178     392.979
       85.40     132.100     393.208
       85.50     132.023     393.437
       85.60     131.945     393.666
       85.70     131.868     393.896
       85.80     131.790     394.125
       85.90     131.712     394.354
       86.00     131.635     394.583
       86.10     131.557     394.812
       86.20     131.480     395.041
       86.30     131.402     395.271
       86.40     131.325     395.500
       86.50     131.248     395.729
       86.60     131.170     395.958
       86.70     131.093     396.187
       86.80     131.015     396.417
       86.90     130.938     396.646
       87.00     130.860     396.875
       87.10     130.783     397.104
       87.20     130.705     397.334
       87.30     130.628     397.563
       87.40     130.551     397.792
       87.50     130.473     398.022
       87.60     130.396     398.251
       87.70     130.318     398.480
       87.80     130.241     398.710
       87.90     130.164     398.939
       88.00     130.086     399.168
       88.10     130.009     399.398
       88.20     129.932     399.627
       88.30     129.854     399.857
       88.40     129.777     400.086
       88.50     129.700     400.316
       88.60     129.622     400.545
       88.70     129.545     400.775
       88.80     129.468     401.004
       88.90     129.390     401.234
       89.00     129.313     401.463
       89.10     129.236     401.693
       89.20     129.158     401.922
       89.30     129.081     402.152
       89.40     129.004     402.381
       89.50     128.927     402.611
       89.60     128.849     402.840
       89.70     128.772     403.070
       89.80     128.695     403.300
       89.90     128.618     403.529
       90.00     128.540     403.759
       90.10     128.463     403.988
       90.20     128.386     404.218
       90.30     128.309     404.448
       90.40     128.232     404.677
       90.50     128.154     404.907
       90.60     128.077     405.137
       90.70     128.000     405.367
       90.80     127.923     405.596
       90.90     127.846     405.826
       91.00     127.769     406.056
       91.10     127.691     406.286
       91.20     127.614     406.515
       91.30     127.537     406.745
       91.40     127.460     406.975
       91.50     127.383     407.205
       91.60     127.306     407.435
       91.70     127.229     407.664
       91.80     127.152     407.894
       91.90     127.074     408.124
       92.00     126.997     408.354
       92.10     126.920     408.584
       92.20     126.843     408.814
       92.30     126.766     409.044
       92.40     126.689     409.274
       92.50     126.612     409.504
       92.60     126.535     409.734
       92.70     126.458     409.964
       92.80     126.381     410.193
       92.90     126.304     410.423
       93.00     126.227     410.654
       93.10     126.150     410.884
       93.20     126.073     411.114
       93.30     125.996     411.344
       93.40     125.919     411.574
       93.50     125.842     411.804
       93.60     125.765     412.034
       93.70     125.688     412.264
       93.80     125.611     412.494
       93.90     125.534     412.724
       94.00     125.457     412.954
       94.10     125.381     413.184
       94.20     125.304     413.415
       94.30     125.227     413.645
       94.40     125.150     413.875
       94.50     125.073     414.105
       94.60     124.996     414.335
       94.70     124.919     414.566
       94.80     124.842     414.796
       94.90     124.765     415.026
       95.00     124.689     415.256
       95.10     124.612     415.487
       95.20     124.535     415.717
       95.30     124.458     415.947
       95.40     124.381     416.178
       95.50     124.304     416.408
       95.60     124.228     416.638
       95.70     124.151     416.869
       95.80     124.074     417.099
       95.90     123.997     417.329
       96.00     123.921     417.560
       96.10     123.844     417.790
       96.20     123.767     418.021
       96.30     123.690     418.251
       96.40     123.614     418.482
       96.50     123.537     418.712
       96.60     123.460     418.943
       96.70     123.383     419.173
       96.80     123.307     419.404
       96.90     123.230     419.634
       97.00     123.153     419.865
       97.10     123.077     420.095
       97.20     123.000     420.326
       97.30     122.923     420.556
       97.40     122.847     420.787
       97.50     122.770     421.018
       97.60     122.693     421.248
       97.70     122.617     421.479
       97.80     122.540     421.710
       97.90     122.463     421.940
       98.00     122.387     422.171
       98.10     122.310     422.402
       98.20     122.234     422.632
       98.30     122.157     422.863
       98.40     122.080     423.094
       98.50     122.004     423.325
       98.60     121.927     423.555
       98.70     121.851     423.786
       98.80     121.774     424.017
       98.90     121.698     424.248
       99.00     121.621     424.478
       99.10     121.545     424.709
       99.20     121.468     424.940
       99.30     121.392     425.171
       99.40     121.315     425.402
       99.50     121.239     425.633
       99.60     121.162     425.864
       99.70     121.086     426.095
       99.80     121.009     426.326
       99.90     120.933     426.557
      100.00     120.856     426.787
      100.10     120.780     427.018
      100.20     120.703     427.249
      100.30     120.627     427.480
      100.40     120.550     427.711
      100.50     120.474     427.943
      100.60     120.398     428.174
      100.70     120.321     428.405
      100.80     120.245     428.636
      100.90     120.168     428.867
      101.00     120.092     429.098
      101.10     120.016     429.329
      101.20     119.939     429.560
      101.30     119.863     429.791
      101.40     119.787     430.022
      101.50     119.710     430.254
      101.60     119.634     430.485
      101.70     119.558     430.716
      101.80     119.481     430.947
      101.90     119.405     431.179
      102.00     119.329     431.410
      102.10     119.253     431.641
      102.20     119.176     431.872
      102.30     119.100     432.104
      102.40     119.024     432.335
      102.50     118.948     432.566
      102.60     118.871     432.798
      102.70     118.795     433.029
      102.80     118.719     433.260
      102.90     118.643     433.492
      103.00     118.566     433.723
      103.10     118.490     433.955
      103.20     118.414     434.186
      103.30     118.338     434.417
      103.40     118.262     434.649
      103.50     118.186     434.880
      103.60     118.109     435.112
      103.70     118.033     435.343
      103.80     117.957     435.575
      103.90     117.881     435.806
      104.00     117.805     436.038
      104.10     117.729     436.270
      104.20     117.653     436.501
      104.30     117.577     436.733
      104.40     117.501     436.964
      104.50     117.424     437.196
      104.60     117.348     437.428
      104.70     117.272     437.659
      104.80     117.196     437.891
      104.90     117.120     438.123
      105.00     117.044     438.354
      105.10     116.968     438.586
      105.20     116.892     438.818
      105.30     116.816     439.050
      105.40     116.740     439.281
      105.50     116.664     439.513
      105.60     116.588     439.745
      105.70     116.512     439.977
      105.80     116.436     440.209
      105.90     116.360     440.440
      106.00     116.284     440.672
      106.10     116.208     440.904
      106.20     116.132     441.136
      106.30     116.057     441.368
      106.40     115.981     441.600
      106.50     115.905     441.832
      106.60     115.829     442.064
      106.70     115.753     442.296
      106.80     115.677     442.528
      106.90     115.601     442.760
      107.00     115.525     442.992
      107.10     115.449     443.224
      107.20     115.374     443.456
      107.30     115.298     443.688
      107.40     115.222     443.920
      107.50     115.146     444.152
      107.60     115.070     444.384
      107.70     114.995     444.616
      107.80     114.919     444.848
      107.90     114.843     445.081
      108.00     114.767     445.313
      108.10     114.691     445.545
      108.20     114.616     445.777
      108.30     114.540     446.009
      108.40     114.464     446.242
      108.50     114.389     446.474
      108.60     114.313     446.706
      108.70     114.237     446.938
      108.80     114.161     447.171
      108.90     114.086     447.403
      109.00     114.010     447.635
      109.10     113.934     447.868
      109.20     113.859     448.100
      109.30     113.783     448.333
      109.40     113.707     448.565
      109.50     113.632     448.797
      109.60     113.556     449.030
      109.70     113.481     449.262
      109.80     113.405     449.495
      109.90     113.329     449.727
      110.00     113.254     449.960
      110.10     113.178     450.192
      110.20     113.103     450.425
      110.30     113.027     450.657
      110.40     112.951     450.890
      110.50     112.876     451.122
      110.60     112.800     451.355
      110.70     112.725     451.588
      110.80     112.649     451.820
      110.90     112.574     452.053
      111.00     112.498     452.286
      111.10     112.423     452.518
      111.20     112.347     452.751
      111.30     112.272     452.984
      111.40     112.196     453.216
      111.50     112.121     453.449
      111.60     112.045     453.682
      111.70     111.970     453.915
      111.80     111.895     454.148
      111.90     111.819     454.380
      112.00     111.744     454.613
      112.10     111.668     454.846
      112.20     111.593     455.079
      112.30     111.518     455.312
      112.40     111.442     455.545
      112.50     111.367     455.778
      112.60     111.292     456.011
      112.70     111.216     456.244
      112.80     111.141     456.477
      112.90     111.066     456.710
      113.00     110.990     456.943
      113.10     110.915     457.176
      113.20     110.840     457.409
      113.30     110.764     457.642
      113.40     110.689     457.875
      113.50     110.614     458.108
      113.60     110.539     458.341
      113.70     110.463     458.574
      113.80     110.388     458.807
      113.90     110.313     459.040
      114.00     110.238     459.274
      114.10     110.162     459.507
      114.20     110.087     459.740
      114.30     110.012     459.973
      114.40     109.937     460.206
      114.50     109.862     460.440
      114.60     109.786     460.673
      114.70     109.711     460.906
      114.80     109.636     461.140
      114.90     109.561     461.373
      115.00     109.486     461.606
      115.10     109.411     461.840
      115.20     109.336     462.073
      115.30     109.261     462.306
      115.40     109.185     462.540
      115.50     109.110     462.773
      115.60     109.035     463.007
      115.70     108.960     463.240
      115.80     108.885     463.474
      115.90     108.810     463.707
      116.00     108.735     463.941
      116.10     108.660     464.174
      116.20     108.585     464.408
      116.30     108.510     464.641
      116.40     108.435     464.875
      116.50     108.360     465.109
      116.60     108.285     465.342
      116.70     108.210     465.576
      116.80     108.135     465.810
      116.90     108.060     466.043
      117.00     107.985     466.277
      117.10     107.910     466.511
      117.20     107.835     466.744
      117.30     107.761     466.978
      117.40     107.686     467.212
      117.50     107.611     467.446
      117.60     107.536     467.680
      117.70     107.461     467.913
      117.80     107.386     468.147
      117.90     107.311     468.381
      118.00     107.236     468.615
      118.10     107.162     468.849
      118.20     107.087     469.083
      118.30     107.012     469.317
      118.40     106.937     469.551
      118.50     106.862     469.785
      118.60     106.788     470.019
      118.70     106.713     470.253
      118.80     106.638     470.487
      118.90     106.563     470.721
      119.00     106.489     470.955
      119.10     106.414     471.189
      119.20     106.339     471.423
      119.30     106.264     471.657
      119.40     106.190     471.891
      119.50     106.115     472.125
      119.60     106.040     472.360
      119.70     105.966     472.594
      119.80     105.891     472.828
      119.90     105.816     473.062
      120.00     105.742     473.297
      120.10     105.667     473.531
      120.20     105.592     473.765
      120.30     105.518     473.999
      120.40     105.443     474.234
      120.50     105.369     474.468
      120.60     105.294     474.702
      120.70     105.220     474.937
      120.80     105.145     475.171
      120.90     105.070     475.406
      121.00     104.996     475.640
      121.10     104.921     475.875
      121.20     104.847     476.109
      121.30     104.772     476.344
      121.40     104.698     476.578
      121.50     104.623     476.813
      121.60     104.549     477.047
      121.70     104.474     477.282
      121.80     104.400     477.516
      121.90     104.325     477.751
      122.00     104.251     477.986
      122.10     104.177     478.220
      122.20     104.102     478.455
      122.30     104.028     478.690
      122.40     103.953     478.924
      122.50     103.879     479.159
      122.60     103.805     479.394
      122.70     103.730     479.629
      122.80     103.656     479.863
      122.90     103.581     480.098
      123.00     103.507     480.333
      123.10     103.433     480.568
      123.20     103.358     480.803
      123.30     103.284     481.038
      123.40     103.210     481.272
      123.50     103.136     481.507
      123.60     103.061     481.742
      123.70     102.987     481.977
      123.80     102.913     482.212
      123.90     102.839     482.447
      124.00     102.764     482.682
      124.10     102.690     482.917
      124.20     102.616     483.152
      124.30     102.542     483.387
      124.40     102.467     483.622
      124.50     102.393     483.858
      124.60     102.319     484.093
      124.70     102.245     484.328
      124.80     102.171     484.563
      124.90     102.097     484.798
      125.00     102.023     485.033
      125.10     101.948     485.269
      125.20     101.874     485.504
      125.30     101.800     485.739
      125.40     101.726     485.975
      125.50     101.652     486.210
      125.60     101.578     486.445
      125.70     101.504     486.681
      125.80     101.430     486.916
      125.90     101.356     487.151
      126.00     101.282     487.387
      126.10     101.208     487.622
      126.20     101.134     487.858
      126.30     101.060     488.093
      126.40     100.986     488.329
      126.50     100.912     488.564
      126.60     100.838     488.800
      126.70     100.764     489.035
      126.80     100.690     489.271
      126.90     100.616     489.506
      127.00     100.542     489.742
      127.10     100.468     489.978
      127.20     100.394     490.213
      127.30     100.320     490.449
      127.40     100.246     490.685
      127.50     100.173     490.920
      127.60     100.099     491.156
      127.70     100.025     491.392
      127.80      99.951     491.628
      127.90      99.877     491.863
      128.00      99.803     492.099
      128.10      99.730     492.335
      128.20      99.656     492.571
      128.30      99.582     492.807
      128.40      99.508     493.043
      128.50      99.434     493.279
      128.60      99.361     493.515
      128.70      99.287     493.751
      128.80      99.213     493.987
      128.90      99.140     494.223
      129.00      99.066     494.459
      129.10      98.992     494.695
      129.20      98.918     494.931
      129.30      98.845     495.167
      129.40      98.771     495.403
      129.50      98.697     495.639
      129.60      98.624     495.875
      129.70      98.550     496.111
      129.80      98.476     496.347
      129.90      98.403     496.584
      130.00      98.329     496.820
      130.10      98.256     497.056
      130.20      98.182     497.292
      130.30      98.109     497.529
      130.40      98.035     497.765
      130.50      97.961     498.001
      130.60      97.888     498.238
      130.70      97.814     498.474
      130.80      97.741     498.711
      130.90      97.667     498.947
      131.00      97.594     499.183
      131.10      97.520     499.420
      131.20      97.447     499.656
      131.30      97.373     499.893
      131.40      97.300     500.129
      131.50      97.227     500.366
      131.60      97.153     500.603
      131.70      97.080     500.839
      131.80      97.006     501.076
      131.90      96.933     501.312
      132.00      96.860     501.549
      132.10      96.786     501.786
      132.20      96.713     502.022
      132.30      96.639     502.259
      132.40      96.566     502.496
      132.50      96.493     502.733
      132.60      96.419     502.969
      132.70      96.346     503.206
      132.80      96.273     503.443
      132.90      96.200     503.680
      133.00      96.126     503.917
      133.10      96.053     504.154
      133.20      95.980     504.391
      133.30      95.907     504.628
      133.40      95.833     504.864
      133.50      95.760     505.101
      133.60      95.687     505.338
      133.70      95.614     505.575
      133.80      95.541     505.813
      133.90      95.467     506.050
      134.00      95.394     506.287
      134.10      95.321     506.524
      134.20      95.248     506.761
      134.30      95.175     506.998
      134.40      95.102     507.235
      134.50      95.029     507.472
      134.60      94.955     507.710
      134.70      94.882     507.947
      134.80      94.809     508.184
      134.90      94.736     508.422
      135.00      94.663     508.659
      135.10      94.590     508.896
      135.20      94.517     509.134
      135.30      94.444     509.371
      135.40      94.371     509.608
      135.50      94.298     509.846
      135.60      94.225     510.083
      135.70      94.152     510.321
      135.80      94.079     510.558
      135.90      94.006     510.796
      136.00      93.933     511.033
      136.10      93.860     511.271
      136.20      93.787     511.508
      136.30      93.715     511.746
      136.40      93.642     511.984
      136.50      93.569     512.221
      136.60      93.496     512.459
      136.70      93.423     512.697
      136.80      93.350     512.934
      136.90      93.277     513.172
      137.00      93.205     513.410
      137.10      93.132     513.648
      137.20      93.059     513.885
      137.30      92.986     514.123
      137.40      92.913     514.361
      137.50      92.841     514.599
      137.60      92.768     514.837
      137.70      92.695     515.075
      137.80      92.622     515.313
      137.90      92.550     515.551
      138.00      92.477     515.789
      138.10      92.404     516.027
      138.20      92.332     516.265
      138.30      92.259     516.503
      138.40      92.186     516.741
      138.50      92.114     516.979
      138.60      92.041     517.217
      138.70      91.968     517.455
      138.80      91.896     517.693
      138.90      91.823     517.932
      139.00      91.751     518.170
      139.10      91.678     518.408
      139.20      91.605     518.646
      139.30      91.533     518.885
      139.40      91.460     519.123
      139.50      91.388     519.361
      139.60      91.315     519.600
      139.70      91.243     519.838
      139.80      91.170     520.076
      139.90      91.098     520.315
      140.00      91.025     520.553
      140.10      90.953     520.792
      140.20      90.880     521.030
      140.30      90.808     521.269
      140.40      90.736     521.507
      140.50      90.663     521.746
      140.60      90.591     521.984
      140.70      90.518     522.223
      140.80      90.446     522.462
      140.90      90.374     522.700
      141.00      90.301     522.939
      141.10      90.229     523.178
      141.20      90.157     523.416
      141.30      90.084     523.655
      141.40      90.012     523.894
      141.50      89.940     524.133
      141.60      89.867     524.372
      141.70      89.795     524.610
      141.80      89.723     524.849
      141.90      89.651     525.088
      142.00      89.578     525.327
      142.10      89.506     525.566
      142.20      89.434     525.805
      142.30      89.362     526.044
      142.40      89.290     526.283
      142.50      89.217     526.522
      142.60      89.145     526.761
      142.70      89.073     527.000
      142.80      89.001     527.239
      142.90      88.929     527.479
      143.00      88.857     527.718
      143.10      88.785     527.957
      143.20      88.713     528.196
      143.30      88.640     528.435
      143.40      88.568     528.675
      143.50      88.496     528.914
      143.60      88.424     529.153
      143.70      88.352     529.393
      143.80      88.280     529.632
      143.90      88.208     529.871
      144.00      88.136     530.111
      144.10      88.064     530.350
      144.20      87.992     530.590
      144.30      87.920     530.829
      144.40      87.848     531.069
      144.50      87.776     531.308
      144.60      87.705     531.548
      144.70      87.633     531.787
      144.80      87.561     532.027
      144.90      87.489     532.266
      145.00      87.417     532.506
      145.10      87.345     532.746
      145.20      87.273     532.986
      145.30      87.201     533.225
      145.40      87.130     533.465
      145.50      87.058     533.705
      145.60      86.986     533.945
      145.70      86.914     534.184
      145.80      86.842     534.424
      145.90      86.771     534.664
      146.00      86.699     534.904
      146.10      86.627     535.144
      146.20      86.556     535.384
      146.30      86.484     535.624
      146.40      86.412     535.864
      146.50      86.340     536.104
      146.60      86.269     536.344
      146.70      86.197     536.584
      146.80      86.125     536.824
      146.90      86.054     537.064
      147.00      85.982     537.304
      147.10      85.911     537.545
      147.20      85.839     537.785
      147.30      85.767     538.025
      147.40      85.696     538.265
      147.50      85.624     538.506
      147.60      85.553     538.746
      147.70      85.481     538.986
      147.80      85.410     539.227
      147.90      85.338     539.467
      148.00      85.267     539.707
      148.10      85.195     539.948
      148.20      85.124     540.188
      148.30      85.052     540.429
      148.40      84.981     540.669
      148.50      84.909     540.910
      148.60      84.838     541.150
      148.70      84.766     541.391
      148.80      84.695     541.632
      148.90      84.624     541.872
      149.00      84.552     542.113
      149.10      84.481     542.354
      149.20      84.410     542.594
      149.30      84.338     542.835
      149.40      84.267     543.076
      149.50      84.196     543.317
      149.60      84.124     543.557
      149.70      84.053     543.798
      149.80      83.982     544.039
      149.90      83.910     544.280
      150.00      83.839     544.521
      150.10      83.768     544.762
      150.20      83.697     545.003
      150.30      83.626     545.244
      150.40      83.554     545.485
      150.50      83.483     545.726
      150.60      83.412     545.967
      150.70      83.341     546.208
      150.80      83.270     546.449
      150.90      83.199     546.690
      151.00      83.127     546.932
      151.10      83.056     547.173
      151.20      82.985     547.414
      151.30      82.914     547.655
      151.40      82.843     547.897
      151.50      82.772     548.138
      151.60      82.701     548.379
      151.70      82.630     548.621
      151.80      82.559     548.862
      151.90      82.488     549.103
      152.00      82.417     549.345
      152.10      82.346     549.586
      152.20      82.275     549.828
      152.30      82.204     550.069
      152.40      82.133     550.311
      152.50      82.062     550.552
      152.60      81.991     550.794
      152.70      81.920     551.036
      152.80      81.849     551.277
      152.90      81.779     551.519
      153.00      81.708     551.761
      153.10      81.637     552.002
      153.20      81.566     552.244
      153.30      81.495     552.486
      153.40      81.424     552.728
      153.50      81.354     552.970
      153.60      81.283     553.212
      153.70      81.212     553.453
      153.80      81.141     553.695
      153.90      81.071     553.937
      154.00      81.000     554.179
      154.10      80.929     554.421
      154.20      80.858     554.663
      154.30      80.788     554.905
      154.40      80.717     555.148
      154.50      80.646     555.390
      154.60      80.576     555.632
      154.70      80.505     555.874
      154.80      80.434     556.116
      154.90      80.364     556.358
      155.00      80.293     556.601
      155.10      80.223     556.843
      155.20      80.152     557.085
      155.30      80.081     557.328
      155.40      80.011     557.570
      155.50      79.940     557.812
      155.60      79.870     558.055
      155.70      79.799     558.297
      155.80      79.729     558.540
      155.90      79.658     558.782
      156.00      79.588     559.025
      156.10      79.517     559.267
      156.20      79.447     559.510
      156.30      79.377     559.752
      156.40      79.306     559.995
      156.50      79.236     560.238
      156.60      79.165     560.480
      156.70      79.095     560.723
      156.80      79.025     560.966
      156.90      78.954     561.209
      157.00      78.884     561.452
      157.10      78.814     561.694
      157.20      78.743     561.937
      157.30      78.673     562.180
      157.40      78.603     562.423
      157.50      78.532     562.666
      157.60      78.462     562.909
      157.70      78.392     563.152
      157.80      78.322     563.395
      157.90      78.252     563.638
      158.00      78.181     563.881
      158.10      78.111     564.124
      158.20      78.041     564.367
      158.30      77.971     564.611
      158.40      77.901     564.854
      158.50      77.831     565.097
      158.60      77.760     565.340
      158.70      77.690     565.584
      158.80      77.620     565.827
      158.90      77.550     566.070
      159.00      77.480     566.314
      159.10      77.410     566.557
      159.20      77.340     566.800
      159.30      77.270     567.044
      159.40      77.200     567.287
      159.50      77.130     567.531
      159.60      77.060     567.774
      159.70      76.990     568.018
      159.80      76.920     568.262
      159.90      76.850     568.505
      160.00      76.780     568.749
      160.10      76.710     568.993
      160.20      76.640     569.236
      160.30      76.570     569.480
      160.40      76.501     569.724
      160.50      76.431     569.968
      160.60      76.361     570.211
      160.70      76.291     570.455
      160.80      76.221     570.699
      160.90      76.151     570.943
      161.00      76.082     571.187
      161.10      76.012     571.431
      161.20      75.942     571.675
      161.30      75.872     571.919
      161.40      75.803     572.163
      161.50      75.733     572.407
      161.60      75.663     572.651
      161.70      75.593     572.895
      161.80      75.524     573.140
      161.90      75.454     573.384
      162.00      75.384     573.628
      162.10      75.315     573.872
      162.20      75.245     574.117
      162.30      75.175     574.361
      162.40      75.106     574.605
      162.50      75.036     574.850
      162.60      74.967     575.094
      162.70      74.897     575.339
      162.80      74.828     575.583
      162.90      74.758     575.828
      163.00      74.689     576.072
      163.10      74.619     576.317
      163.20      74.550     576.561
      163.30      74.480     576.806
      163.40      74.411     577.050
      163.50      74.341     577.295
      163.60      74.272     577.540
      163.70      74.202     577.785
      163.80      74.133     578.029
      163.90      74.064     578.274
      164.00      73.994     578.519
      164.10      73.925     578.764
      164.20      73.855     579.009
      164.30      73.786     579.254
      164.40      73.717     579.499
      164.50      73.647     579.744
      164.60      73.578     579.989
      164.70      73.509     580.234
      164.80      73.440     580.479
      164.90      73.370     580.724
      165.00      73.301     580.969
      165.10      73.232     581.214
      165.20      73.163     581.459
      165.30      73.093     581.705
      165.40      73.024     581.950
      165.50      72.955     582.195
      165.60      72.886     582.440
      165.70      72.817     582.686
      165.80      72.748     582.931
      165.90      72.679     583.176
      166.00      72.609     583.422
      166.10      72.540     583.667
      166.20      72.471     583.913
      166.30      72.402     584.158
      166.40      72.333     584.404
      166.50      72.264     584.650
      166.60      72.195     584.895
      166.70      72.126     585.141
      166.80      72.057     585.386
      166.90      71.988     585.632
      167.00      71.919     585.878
      167.10      71.850     586.124
      167.20      71.781     586.369
      167.30      71.713     586.615
      167.40      71.644     586.861
      167.50      71.575     587.107
      167.60      71.506     587.353
      167.70      71.437     587.599
      167.80      71.368     587.845
      167.90      71.299     588.091
      168.00      71.231     588.337
      168.10      71.162     588.583
      168.20      71.093     588.829
      168.30      71.024     589.075
      168.40      70.955     589.321
      168.50      70.887     589.568
      168.60      70.818     589.814
      168.70      70.749     590.060
      168.80      70.681     590.306
      168.90      70.612     590.553
      169.00      70.543     590.799
      169.10      70.475     591.046
      169.20      70.406     591.292
      169.30      70.337     591.538
      169.40      70.269     591.785
      169.50      70.200     592.031
      169.60      70.132     592.278
      169.70      70.063     592.525
      169.80      69.994     592.771
      169.90      69.926     593.018
      170.00      69.857     593.264
      170.10      69.789     593.511
      170.20      69.720     593.758
      170.30      69.652     594.005
      170.40      69.583     594.251
      170.50      69.515     594.498
      170.60      69.447     594.745
      170.70      69.378     594.992
      170.80      69.310     595.239
      170.90      69.241     595.486
      171.00      69.173     595.733
      171.10      69.105     595.980
      171.20      69.036     596.227
      171.30      68.968     596.474
      171.40      68.900     596.721
      171.50      68.831     596.968
      171.60      68.763     597.216
      171.70      68.695     597.463
      171.80      68.626     597.710
      171.90      68.558     597.957
      172.00      68.490     598.205
      172.10      68.422     598.452
      172.20      68.354     598.699
      172.30      68.285     598.947
      172.40      68.217     599.194
      172.50      68.149     599.442
      172.60      68.081     599.689
      172.70      68.013     599.937
      172.80      67.945     600.184
      172.90      67.877     600.432
      173.00      67.809     600.679
      173.10      67.740     600.927
      173.20      67.672     601.175
      173.30      67.604     601.423
      173.40      67.536     601.670
      173.50      67.468     601.918
      173.60      67.400     602.166
      173.70      67.332     602.414
      173.80      67.264     602.662
      173.90      67.196     602.910
      174.00      67.129     603.158
      174.10      67.061     603.406
      174.20      66.993     603.654
      174.30      66.925     603.902
      174.40      66.857     604.150
      174.50      66.789     604.398
      174.60      66.721     604.646
      174.70      66.653     604.894
      174.80      66.586     605.142
      174.90      66.518     605.391
      175.00      66.450     605.639
      175.10      66.382     605.887
      175.20      66.314     606.136
      175.30      66.247     606.384
      175.40      66.179     606.633
      175.50      66.111     606.881
      175.60      66.044     607.129
      175.70      65.976     607.378
      175.80      65.908     607.627
      175.90      65.841     607.875
      176.00      65.773     608.124
      176.10      65.705     608.372
      176.20      65.638     608.621
      176.30      65.570     608.870
      176.40      65.503     609.119
      176.50      65.435     609.367
      176.60      65.368     609.616
      176.70      65.300     609.865
      176.80      65.233     610.114
      176.90      65.165     610.363
      177.00      65.098     610.612
      177.10      65.030     610.861
      177.20      64.963     611.110
      177.30      64.895     611.359
      177.40      64.828     611.608
      177.50      64.760     611.857
      177.60      64.693     612.106
      177.70      64.626     612.356
      177.80      64.558     612.605
      177.90      64.491     612.854
      178.00      64.424     613.103
      178.10      64.356     613.353
      178.20      64.289     613.602
      178.30      64.222     613.851
      178.40      64.154     614.101
      178.50      64.087     614.350
      178.60      64.020     614.600
      178.70      63.953     614.849
      178.80      63.886     615.099
      178.90      63.818     615.349
      179.00      63.751     615.598
      179.10      63.684     615.848
      179.20      63.617     616.098
      179.30      63.550     616.347
      179.40      63.483     616.597
      179.50      63.416     616.847
      179.60      63.348     617.097
      179.70      63.281     617.347
      179.80      63.214     617.597
      179.90      63.147     617.846
      180.00      63.080     618.096
      180.10      63.013     618.346
      180.20      62.946     618.597
      180.30      62.879     618.847
      180.40      62.812     619.097
      180.50      62.745     619.347
      180.60      62.679     619.597
      180.70      62.612     619.847
      180.80      62.545     620.098
      180.90      62.478     620.348
      181.00      62.411     620.598
      181.10      62.344     620.849
      181.20      62.277     621.099
      181.30      62.210     621.349
      181.40      62.144     621.600
      181.50      62.077     621.850
      181.60      62.010     622.101
      181.70      61.943     622.352
      181.80      61.877     622.602
      181.90      61.810     622.853
      182.00      61.743     623.103
      182.10      61.677     623.354
      182.20      61.610     623.605
      182.30      61.543     623.856
      182.40      61.477     624.107
      182.50      61.410     624.357
      182.60      61.343     624.608
      182.70      61.277     624.859
      182.80      61.210     625.110
      182.90      61.144     625.361
      183.00      61.077     625.612
      183.10      61.010     625.863
      183.20      60.944     626.114
      183.30      60.877     626.366
      183.40      60.811     626.617
      183.50      60.744     626.868
      183.60      60.678     627.119
      183.70      60.612     627.371
      183.80      60.545     627.622
      183.90      60.479     627.873
      184.00      60.412     628.125
      184.10      60.346     628.376
      184.20      60.280     628.628
      184.30      60.213     628.879
      184.40      60.147     629.131
      184.50      60.081     629.382
      184.60      60.014     629.634
      184.70      59.948     629.885
      184.80      59.882     630.137
      184.90      59.816     630.389
      185.00      59.749     630.641
      185.10      59.683     630.892
      185.20      59.617     631.144
      185.30      59.551     631.396
      185.40      59.485     631.648
      185.50      59.418     631.900
      185.60      59.352     632.152
      185.70      59.286     632.404
      185.80      59.220     632.656
      185.90      59.154     632.908
      186.00      59.088     633.160
      186.10      59.022     633.412
      186.20      58.956     633.664
      186.30      58.890     633.917
      186.40      58.824     634.169
      186.50      58.758     634.421
      186.60      58.692     634.674
      186.70      58.626     634.926
      186.80      58.560     635.178
      186.90      58.494     635.431
      187.00      58.428     635.683
      187.10      58.362     635.936
      187.20      58.296     636.188
      187.30      58.230     636.441
      187.40      58.165     636.694
      187.50      58.099     636.946
      187.60      58.033     637.199
      187.70      57.967     637.452
      187.80      57.901     637.705
      187.90      57.836     637.957
      188.00      57.770     638.210
      188.10      57.704     638.463
      188.20      57.638     638.716
      188.30      57.573     638.969
      188.40      57.507     639.222
      188.50      57.441     639.475
      188.60      57.376     639.728
      188.70      57.310     639.981
      188.80      57.245     640.234
      188.90      57.179     640.488
      189.00      57.113     640.741
      189.10      57.048     640.994
      189.20      56.982     641.247
      189.30      56.917     641.501
      189.40      56.851     641.754
      189.50      56.786     642.008
      189.60      56.720     642.261
      189.70      56.655     642.515
      189.80      56.589     642.768
      189.90      56.524     643.022
      190.00      56.458     643.275
      190.10      56.393     643.529
      190.20      56.328     643.783
      190.30      56.262     644.036
      190.40      56.197     644.290
      190.50      56.132     644.544
      190.60      56.066     644.798
      190.70      56.001     645.052
      190.80      55.936     645.305
      190.90      55.870     645.559
      191.00      55.805     645.813
      191.10      55.740     646.067
      191.20      55.675     646.322
      191.30      55.609     646.576
      191.40      55.544     646.830
      191.50      55.479     647.084
      191.60      55.414     647.338
      191.70      55.349     647.592
      191.80      55.284     647.847
      191.90      55.219     648.101
      192.00      55.153     648.355
      192.10      55.088     648.610
      192.20      55.023     648.864
      192.30      54.958     649.119
      192.40      54.893     649.373
      192.50      54.828     649.628
      192.60      54.763     649.882
      192.70      54.698     650.137
      192.80      54.633     650.392
      192.90      54.568     650.647
      193.00      54.503     650.901
      193.10      54.439     651.156
      193.20      54.374     651.411
      193.30      54.309     651.666
      193.40      54.244     651.921
      193.50      54.179     652.176
      193.60      54.114     652.431
      193.70      54.049     652.686
      193.80      53.985     652.941
      193.90      53.920     653.196
      194.00      53.855     653.451
      194.10      53.790     653.706
      194.20      53.726     653.961
      194.30      53.661     654.217
      194.40      53.596     654.472
      194.50      53.532     654.727
      194.60      53.467     654.983
      194.70      53.402     655.238
      194.80      53.338     655.494
      194.90      53.273     655.749
      195.00      53.209     656.005
      195.10      53.144     656.260
      195.20      53.079     656.516
      195.30      53.015     656.772
      195.40      52.950     657.027
      195.50      52.886     657.283
      195.60      52.821     657.539
      195.70      52.757     657.795
      195.80      52.692     658.050
      195.90      52.628     658.306
      196.00      52.564     658.562
      196.10      52.499     658.818
      196.20      52.435     659.074
      196.30      52.370     659.330
      196.40      52.306     659.586
      196.50      52.242     659.843
      196.60      52.177     660.099
      196.70      52.113     660.355
      196.80      52.049     660.611
      196.90      51.985     660.868
      197.00      51.920     661.124
      197.10      51.856     661.380
      197.20      51.792     661.637
      197.30      51.728     661.893
      197.40      51.664     662.150
      197.50      51.599     662.406
      197.60      51.535     662.663
      197.70      51.471     662.919
      197.80      51.407     663.176
      197.90      51.343     663.433
      198.00      51.279     663.689
      198.10      51.215     663.946
      198.20      51.151     664.203
      198.30      51.087     664.460
      198.40      51.023     664.717
      198.50      50.959     664.974
      198.60      50.895     665.231
      198.70      50.831     665.488
      198.80      50.767     665.745
      198.90      50.703     666.002
      199.00      50.639     666.259
      199.10      50.575     666.516
      199.20      50.511     666.774
      199.30      50.447     667.031
      199.40      50.384     667.288
      199.50      50.320     667.546
      199.60      50.256     667.803
      199.70      50.192     668.060
      199.80      50.128     668.318
      199.90      50.065     668.575
      200.00      50.001     668.833
      200.00      50.001     668.833
