
          t           a           e           i          Om           u           w        teta 
     100.000    7032.012       0.000       1.711       1.322       5.667       5.667       3.668
     100.100    7032.061       0.000       1.711       1.322       5.667       0.604       5.063
     100.200    7032.110       0.000       1.711       1.322       5.667       0.604       5.063
     100.300    7032.158       0.000       1.711       1.322       5.667       0.604       5.063
     100.400    7032.207       0.000       1.711       1.322       5.667       0.604       5.063
     100.500    7032.256       0.000       1.711       1.322       5.667       0.604       5.064
     100.600    7032.305       0.000       1.711       1.322       5.667       0.603       5.064
     100.700    7032.354       0.000       1.711       1.322       5.667       0.603       5.064
     100.800    7032.403       0.000       1.711       1.322       5.668       0.603       5.064
     100.900    7032.452       0.000       1.711       1.322       5.668       0.603       5.065
     101.000    7032.502       0.000       1.711       1.322       5.668       0.603       5.065
     101.100    7032.551       0.000       1.711       1.322       5.668       0.603       5.065
     101.200    7032.600       0.000       1.711       1.322       5.668       0.603       5.065
     101.300    7032.649       0.000       1.711       1.322       5.668       0.603       5.066
     101.400    7032.699       0.000       1.711       1.322       5.668       0.602       5.066
     101.500    7032.748       0.000       1.711       1.322       5.668       0.602       5.066
     101.600    7032.798       0.000       1.711       1.322       5.668       0.602       5.066
     101.700    7032.847       0.000       1.711       1.322       5.669       0.602       5.066
     101.800    7032.897       0.000       1.711       1.322       5.669       0.602       5.067
     101.900    7032.946       0.000       1.711       1.322       5.669       0.602       5.067
     102.000    7032.996       0.000       1.711       1.322       5.669       0.602       5.067
     102.100    7033.046       0.000       1.711       1.322       5.669       0.602       5.067
     102.200    7033.095       0.000       1.711       1.322       5.669       0.601       5.068
     102.300    7033.145       0.000       1.711       1.322       5.669       0.601       5.068
     102.400    7033.195       0.000       1.711       1.322       5.669       0.601       5.068
     102.500    7033.245       0.001       1.711       1.322       5.669       0.601       5.068
     102.600    7033.295       0.001       1.711       1.322       5.669       0.601       5.068
     102.700    7033.345       0.001       1.711       1.322       5.670       0.601       5.069
     102.800    7033.395       0.001       1.711       1.322       5.670       0.601       5.069
     102.900    7033.445       0.001       1.711       1.322       5.670       0.601       5.069
     103.000    7033.495       0.001       1.711       1.322       5.670       0.600       5.069
     103.100    7033.545       0.001       1.711       1.322       5.670       0.600       5.070
     103.200    7033.595       0.001       1.712       1.321       5.670       0.600       5.070
     103.300    7033.645       0.001       1.712       1.321       5.670       0.600       5.070
     103.400    7033.695       0.001       1.712       1.321       5.670       0.600       5.070
     103.500    7033.746       0.001       1.712       1.321       5.670       0.600       5.071
     103.600    7033.796       0.001       1.712       1.321       5.670       0.600       5.071
     103.700    7033.846       0.001       1.712       1.321       5.671       0.600       5.071
     103.800    7033.897       0.001       1.712       1.321       5.671       0.599       5.071
     103.900    7033.947       0.001       1.712       1.321       5.671       0.599       5.071
     104.000    7033.998       0.001       1.712       1.321       5.671       0.599       5.072
     104.100    7034.049       0.001       1.712       1.321       5.671       0.599       5.072
     104.200    7034.099       0.001       1.712       1.321       5.671       0.599       5.072
     104.300    7034.150       0.001       1.712       1.321       5.671       0.599       5.072
     104.400    7034.201       0.001       1.712       1.321       5.671       0.599       5.073
     104.500    7034.251       0.001       1.712       1.321       5.671       0.599       5.073
     104.600    7034.302       0.001       1.712       1.321       5.672       0.599       5.073
     104.700    7034.353       0.001       1.712       1.321       5.672       0.598       5.073
     104.800    7034.404       0.001       1.712       1.321       5.672       0.598       5.073
     104.900    7034.455       0.001       1.712       1.321       5.672       0.598       5.074
     105.000    7034.506       0.001       1.712       1.321       5.672       0.598       5.074
     105.100    7034.557       0.001       1.712       1.321       5.672       0.598       5.074
     105.200    7034.608       0.001       1.712       1.321       5.672       0.598       5.074
     105.300    7034.659       0.001       1.712       1.321       5.672       0.598       5.075
     105.400    7034.710       0.001       1.712       1.321       5.672       0.598       5.075
     105.500    7034.761       0.001       1.712       1.321       5.672       0.597       5.075
     105.600    7034.813       0.001       1.712       1.321       5.673       0.597       5.075
     105.700    7034.864       0.001       1.712       1.321       5.673       0.597       5.076
     105.800    7034.915       0.001       1.712       1.321       5.673       0.597       5.076
     105.900    7034.967       0.001       1.712       1.321       5.673       0.597       5.076
     106.000    7035.018       0.001       1.712       1.321       5.673       0.597       5.076
     106.100    7035.070       0.001       1.712       1.321       5.673       0.597       5.076
     106.200    7035.121       0.001       1.712       1.321       5.673       0.597       5.077
     106.300    7035.173       0.001       1.712       1.321       5.673       0.596       5.077
     106.400    7035.224       0.001       1.712       1.321       5.673       0.596       5.077
     106.500    7035.276       0.001       1.712       1.321       5.674       0.596       5.077
     106.600    7035.328       0.001       1.712       1.321       5.674       0.596       5.078
     106.700    7035.379       0.001       1.712       1.321       5.674       0.596       5.078
     106.800    7035.431       0.001       1.712       1.321       5.674       0.596       5.078
     106.900    7035.483       0.001       1.713       1.321       5.674       0.596       5.078
     107.000    7035.535       0.001       1.713       1.321       5.674       0.596       5.078
     107.100    7035.587       0.001       1.713       1.321       5.674       0.595       5.079
     107.200    7035.639       0.001       1.713       1.321       5.674       0.595       5.079
     107.300    7035.691       0.001       1.713       1.321       5.674       0.595       5.079
     107.400    7035.743       0.001       1.713       1.321       5.674       0.595       5.079
     107.500    7035.795       0.002       1.713       1.321       5.675       0.595       5.080
     107.600    7035.847       0.002       1.713       1.321       5.675       0.595       5.080
     107.700    7035.899       0.002       1.713       1.321       5.675       0.595       5.080
     107.800    7035.952       0.002       1.713       1.321       5.675       0.595       5.080
     107.900    7036.004       0.002       1.713       1.321       5.675       0.594       5.081
     108.000    7036.056       0.002       1.713       1.321       5.675       0.594       5.081
     108.100    7036.109       0.002       1.713       1.321       5.675       0.594       5.081
     108.200    7036.161       0.002       1.713       1.321       5.675       0.594       5.081
     108.300    7036.213       0.002       1.713       1.321       5.675       0.594       5.081
     108.400    7036.266       0.002       1.713       1.320       5.676       0.594       5.082
     108.500    7036.318       0.002       1.713       1.320       5.676       0.594       5.082
     108.600    7036.371       0.002       1.713       1.320       5.676       0.594       5.082
     108.700    7036.424       0.002       1.713       1.320       5.676       0.593       5.082
     108.800    7036.476       0.002       1.713       1.320       5.676       0.593       5.083
     108.900    7036.529       0.002       1.713       1.320       5.676       0.593       5.083
     109.000    7036.582       0.002       1.713       1.320       5.676       0.593       5.083
     109.100    7036.635       0.002       1.713       1.320       5.676       0.593       5.083
     109.200    7036.688       0.002       1.713       1.320       5.676       0.593       5.084
     109.300    7036.740       0.002       1.713       1.320       5.676       0.593       5.084
     109.400    7036.793       0.002       1.713       1.320       5.677       0.593       5.084
     109.500    7036.846       0.002       1.713       1.320       5.677       0.592       5.084
     109.600    7036.899       0.002       1.713       1.320       5.677       0.592       5.084
     109.700    7036.952       0.002       1.713       1.320       5.677       0.592       5.085
     109.800    7037.006       0.002       1.713       1.320       5.677       0.592       5.085
     109.900    7037.059       0.002       1.713       1.320       5.677       0.592       5.085
     110.000    7037.112       0.002       1.713       1.320       5.677       0.592       5.085
     110.100    7037.165       0.002       1.713       1.320       5.677       0.592       5.086
     110.200    7037.219       0.002       1.713       1.320       5.677       0.592       5.086
     110.300    7037.272       0.002       1.713       1.320       5.677       0.591       5.086
     110.400    7037.325       0.002       1.713       1.320       5.678       0.591       5.086
     110.500    7037.379       0.002       1.713       1.320       5.678       0.591       5.086
     110.600    7037.432       0.002       1.714       1.320       5.678       0.591       5.087
     110.700    7037.486       0.002       1.714       1.320       5.678       0.591       5.087
     110.800    7037.539       0.002       1.714       1.320       5.678       0.591       5.087
     110.900    7037.593       0.002       1.714       1.320       5.678       0.591       5.087
     111.000    7037.647       0.002       1.714       1.320       5.678       0.591       5.088
     111.100    7037.700       0.002       1.714       1.320       5.678       0.590       5.088
     111.200    7037.754       0.002       1.714       1.320       5.678       0.590       5.088
     111.300    7037.808       0.002       1.714       1.320       5.679       0.590       5.088
     111.400    7037.862       0.002       1.714       1.320       5.679       0.590       5.089
     111.500    7037.915       0.002       1.714       1.320       5.679       0.590       5.089
     111.600    7037.969       0.002       1.714       1.320       5.679       0.590       5.089
     111.700    7038.023       0.002       1.714       1.320       5.679       0.590       5.089
     111.800    7038.077       0.002       1.714       1.320       5.679       0.590       5.089
     111.900    7038.131       0.002       1.714       1.320       5.679       0.590       5.090
     112.000    7038.185       0.002       1.714       1.320       5.679       0.589       5.090
     112.100    7038.240       0.002       1.714       1.320       5.679       0.589       5.090
     112.200    7038.294       0.002       1.714       1.320       5.679       0.589       5.090
     112.300    7038.348       0.002       1.714       1.320       5.680       0.589       5.091
     112.400    7038.402       0.002       1.714       1.320       5.680       0.589       5.091
     112.500    7038.457       0.003       1.714       1.320       5.680       0.589       5.091
     112.600    7038.511       0.003       1.714       1.320       5.680       0.589       5.091
     112.700    7038.565       0.003       1.714       1.320       5.680       0.589       5.091
     112.800    7038.620       0.003       1.714       1.320       5.680       0.588       5.092
     112.900    7038.674       0.003       1.714       1.320       5.680       0.588       5.092
     113.000    7038.729       0.003       1.714       1.320       5.680       0.588       5.092
     113.100    7038.783       0.003       1.714       1.320       5.680       0.588       5.092
     113.200    7038.838       0.003       1.714       1.320       5.681       0.588       5.093
     113.300    7038.893       0.003       1.714       1.320       5.681       0.588       5.093
     113.400    7038.947       0.003       1.714       1.320       5.681       0.588       5.093
     113.500    7039.002       0.003       1.714       1.320       5.681       0.588       5.093
     113.600    7039.057       0.003       1.714       1.320       5.681       0.587       5.094
     113.700    7039.112       0.003       1.714       1.319       5.681       0.587       5.094
     113.800    7039.167       0.003       1.714       1.319       5.681       0.587       5.094
     113.900    7039.221       0.003       1.714       1.319       5.681       0.587       5.094
     114.000    7039.276       0.003       1.714       1.319       5.681       0.587       5.094
     114.100    7039.331       0.003       1.714       1.319       5.681       0.587       5.095
     114.200    7039.386       0.003       1.714       1.319       5.682       0.587       5.095
     114.300    7039.442       0.003       1.715       1.319       5.682       0.587       5.095
     114.400    7039.497       0.003       1.715       1.319       5.682       0.586       5.095
     114.500    7039.552       0.003       1.715       1.319       5.682       0.586       5.096
     114.600    7039.607       0.003       1.715       1.319       5.682       0.586       5.096
     114.700    7039.662       0.003       1.715       1.319       5.682       0.586       5.096
     114.800    7039.718       0.003       1.715       1.319       5.682       0.586       5.096
     114.900    7039.773       0.003       1.715       1.319       5.682       0.586       5.096
     115.000    7039.828       0.003       1.715       1.319       5.682       0.586       5.097
     115.100    7039.884       0.003       1.715       1.319       5.682       0.586       5.097
     115.200    7039.939       0.003       1.715       1.319       5.683       0.585       5.097
     115.300    7039.995       0.003       1.715       1.319       5.683       0.585       5.097
     115.400    7040.050       0.003       1.715       1.319       5.683       0.585       5.098
     115.500    7040.106       0.003       1.715       1.319       5.683       0.585       5.098
     115.600    7040.162       0.003       1.715       1.319       5.683       0.585       5.098
     115.700    7040.217       0.003       1.715       1.319       5.683       0.585       5.098
     115.800    7040.273       0.003       1.715       1.319       5.683       0.585       5.099
     115.900    7040.329       0.003       1.715       1.319       5.683       0.585       5.099
     116.000    7040.385       0.003       1.715       1.319       5.683       0.584       5.099
     116.100    7040.441       0.003       1.715       1.319       5.684       0.584       5.099
     116.200    7040.496       0.003       1.715       1.319       5.684       0.584       5.099
     116.300    7040.552       0.003       1.715       1.319       5.684       0.584       5.100
     116.400    7040.608       0.003       1.715       1.319       5.684       0.584       5.100
     116.500    7040.664       0.003       1.715       1.319       5.684       0.584       5.100
     116.600    7040.721       0.003       1.715       1.319       5.684       0.584       5.100
     116.700    7040.777       0.003       1.715       1.319       5.684       0.584       5.101
     116.800    7040.833       0.003       1.715       1.319       5.684       0.583       5.101
     116.900    7040.889       0.003       1.715       1.319       5.684       0.583       5.101
     117.000    7040.945       0.003       1.715       1.319       5.684       0.583       5.101
     117.100    7041.002       0.003       1.715       1.319       5.685       0.583       5.101
     117.200    7041.058       0.003       1.715       1.319       5.685       0.583       5.102
     117.300    7041.114       0.003       1.715       1.319       5.685       0.583       5.102
     117.400    7041.171       0.003       1.715       1.319       5.685       0.583       5.102
     117.500    7041.227       0.003       1.715       1.319       5.685       0.583       5.102
     117.600    7041.284       0.004       1.715       1.319       5.685       0.583       5.103
     117.700    7041.340       0.004       1.715       1.319       5.685       0.582       5.103
     117.800    7041.397       0.004       1.715       1.319       5.685       0.582       5.103
     117.900    7041.454       0.004       1.716       1.319       5.685       0.582       5.103
     118.000    7041.510       0.004       1.716       1.319       5.686       0.582       5.104
     118.100    7041.567       0.004       1.716       1.319       5.686       0.582       5.104
     118.200    7041.624       0.004       1.716       1.319       5.686       0.582       5.104
     118.300    7041.681       0.004       1.716       1.319       5.686       0.582       5.104
     118.400    7041.737       0.004       1.716       1.319       5.686       0.582       5.104
     118.500    7041.794       0.004       1.716       1.319       5.686       0.581       5.105
     118.600    7041.851       0.004       1.716       1.319       5.686       0.581       5.105
     118.700    7041.908       0.004       1.716       1.319       5.686       0.581       5.105
     118.800    7041.965       0.004       1.716       1.319       5.686       0.581       5.105
     118.900    7042.022       0.004       1.716       1.319       5.686       0.581       5.106
     119.000    7042.079       0.004       1.716       1.318       5.687       0.581       5.106
     119.100    7042.137       0.004       1.716       1.318       5.687       0.581       5.106
     119.200    7042.194       0.004       1.716       1.318       5.687       0.581       5.106
     119.300    7042.251       0.004       1.716       1.318       5.687       0.580       5.106
     119.400    7042.308       0.004       1.716       1.318       5.687       0.580       5.107
     119.500    7042.366       0.004       1.716       1.318       5.687       0.580       5.107
     119.600    7042.423       0.004       1.716       1.318       5.687       0.580       5.107
     119.700    7042.480       0.004       1.716       1.318       5.687       0.580       5.107
     119.800    7042.538       0.004       1.716       1.318       5.687       0.580       5.108
     119.900    7042.595       0.004       1.716       1.318       5.688       0.580       5.108
     120.000    7042.653       0.004       1.716       1.318       5.688       0.580       5.108
     120.100    7042.710       0.004       1.716       1.318       5.688       0.579       5.108
     120.200    7042.768       0.004       1.716       1.318       5.688       0.579       5.109
     120.300    7042.826       0.004       1.716       1.318       5.688       0.579       5.109
     120.400    7042.883       0.004       1.716       1.318       5.688       0.579       5.109
     120.500    7042.941       0.004       1.716       1.318       5.688       0.579       5.109
     120.600    7042.999       0.004       1.716       1.318       5.688       0.579       5.109
     120.700    7043.057       0.004       1.716       1.318       5.688       0.579       5.110
     120.800    7043.115       0.004       1.716       1.318       5.688       0.579       5.110
     120.900    7043.173       0.004       1.716       1.318       5.689       0.578       5.110
     121.000    7043.230       0.004       1.716       1.318       5.689       0.578       5.110
     121.100    7043.288       0.004       1.716       1.318       5.689       0.578       5.111
     121.200    7043.347       0.004       1.716       1.318       5.689       0.578       5.111
     121.300    7043.405       0.004       1.716       1.318       5.689       0.578       5.111
     121.400    7043.463       0.004       1.716       1.318       5.689       0.578       5.111
     121.500    7043.521       0.004       1.716       1.318       5.689       0.578       5.111
     121.600    7043.579       0.004       1.717       1.318       5.689       0.578       5.112
     121.700    7043.637       0.004       1.717       1.318       5.689       0.577       5.112
     121.800    7043.696       0.004       1.717       1.318       5.689       0.577       5.112
     121.900    7043.754       0.004       1.717       1.318       5.690       0.577       5.112
     122.000    7043.812       0.004       1.717       1.318       5.690       0.577       5.113
     122.100    7043.871       0.004       1.717       1.318       5.690       0.577       5.113
     122.200    7043.929       0.004       1.717       1.318       5.690       0.577       5.113
     122.300    7043.988       0.004       1.717       1.318       5.690       0.577       5.113
     122.400    7044.046       0.004       1.717       1.318       5.690       0.577       5.114
     122.500    7044.105       0.004       1.717       1.318       5.690       0.576       5.114
     122.600    7044.163       0.004       1.717       1.318       5.690       0.576       5.114
     122.700    7044.222       0.005       1.717       1.318       5.690       0.576       5.114
     122.800    7044.281       0.005       1.717       1.318       5.691       0.576       5.114
     122.900    7044.340       0.005       1.717       1.318       5.691       0.576       5.115
     123.000    7044.398       0.005       1.717       1.318       5.691       0.576       5.115
     123.100    7044.457       0.005       1.717       1.318       5.691       0.576       5.115
     123.200    7044.516       0.005       1.717       1.318       5.691       0.576       5.115
     123.300    7044.575       0.005       1.717       1.318       5.691       0.576       5.116
     123.400    7044.634       0.005       1.717       1.318       5.691       0.575       5.116
     123.500    7044.693       0.005       1.717       1.318       5.691       0.575       5.116
     123.600    7044.752       0.005       1.717       1.318       5.691       0.575       5.116
     123.700    7044.811       0.005       1.717       1.318       5.691       0.575       5.116
     123.800    7044.870       0.005       1.717       1.318       5.692       0.575       5.117
     123.900    7044.929       0.005       1.717       1.318       5.692       0.575       5.117
     124.000    7044.989       0.005       1.717       1.318       5.692       0.575       5.117
     124.100    7045.048       0.005       1.717       1.318       5.692       0.575       5.117
     124.200    7045.107       0.005       1.717       1.318       5.692       0.574       5.118
     124.300    7045.167       0.005       1.717       1.317       5.692       0.574       5.118
     124.400    7045.226       0.005       1.717       1.317       5.692       0.574       5.118
     124.500    7045.285       0.005       1.717       1.317       5.692       0.574       5.118
     124.600    7045.345       0.005       1.717       1.317       5.692       0.574       5.118
     124.700    7045.404       0.005       1.717       1.317       5.693       0.574       5.119
     124.800    7045.464       0.005       1.717       1.317       5.693       0.574       5.119
     124.900    7045.523       0.005       1.717       1.317       5.693       0.574       5.119
     125.000    7045.583       0.005       1.717       1.317       5.693       0.573       5.119
     125.100    7045.643       0.005       1.717       1.317       5.693       0.573       5.120
     125.200    7045.702       0.005       1.718       1.317       5.693       0.573       5.120
     125.300    7045.762       0.005       1.718       1.317       5.693       0.573       5.120
     125.400    7045.822       0.005       1.718       1.317       5.693       0.573       5.120
     125.500    7045.882       0.005       1.718       1.317       5.693       0.573       5.121
     125.600    7045.942       0.005       1.718       1.317       5.693       0.573       5.121
     125.700    7046.002       0.005       1.718       1.317       5.694       0.573       5.121
     125.800    7046.062       0.005       1.718       1.317       5.694       0.572       5.121
     125.900    7046.122       0.005       1.718       1.317       5.694       0.572       5.121
     126.000    7046.182       0.005       1.718       1.317       5.694       0.572       5.122
     126.100    7046.242       0.005       1.718       1.317       5.694       0.572       5.122
     126.200    7046.302       0.005       1.718       1.317       5.694       0.572       5.122
     126.300    7046.362       0.005       1.718       1.317       5.694       0.572       5.122
     126.400    7046.422       0.005       1.718       1.317       5.694       0.572       5.123
     126.500    7046.482       0.005       1.718       1.317       5.694       0.572       5.123
     126.600    7046.543       0.005       1.718       1.317       5.695       0.571       5.123
     126.700    7046.603       0.005       1.718       1.317       5.695       0.571       5.123
     126.800    7046.663       0.005       1.718       1.317       5.695       0.571       5.123
     126.900    7046.724       0.005       1.718       1.317       5.695       0.571       5.124
     127.000    7046.784       0.005       1.718       1.317       5.695       0.571       5.124
     127.100    7046.845       0.005       1.718       1.317       5.695       0.571       5.124
     127.200    7046.905       0.005       1.718       1.317       5.695       0.571       5.124
     127.300    7046.966       0.005       1.718       1.317       5.695       0.571       5.125
     127.400    7047.026       0.005       1.718       1.317       5.695       0.571       5.125
     127.500    7047.087       0.005       1.718       1.317       5.695       0.570       5.125
     127.600    7047.148       0.005       1.718       1.317       5.696       0.570       5.125
     127.700    7047.208       0.005       1.718       1.317       5.696       0.570       5.126
     127.800    7047.269       0.006       1.718       1.317       5.696       0.570       5.126
     127.900    7047.330       0.006       1.718       1.317       5.696       0.570       5.126
     128.000    7047.391       0.006       1.718       1.317       5.696       0.570       5.126
     128.100    7047.452       0.006       1.718       1.317       5.696       0.570       5.126
     128.200    7047.513       0.006       1.718       1.317       5.696       0.570       5.127
     128.300    7047.574       0.006       1.718       1.317       5.696       0.569       5.127
     128.400    7047.635       0.006       1.718       1.317       5.696       0.569       5.127
     128.500    7047.696       0.006       1.718       1.317       5.696       0.569       5.127
     128.600    7047.757       0.006       1.718       1.317       5.697       0.569       5.128
     128.700    7047.818       0.006       1.718       1.317       5.697       0.569       5.128
     128.800    7047.879       0.006       1.719       1.317       5.697       0.569       5.128
     128.900    7047.941       0.006       1.719       1.317       5.697       0.569       5.128
     129.000    7048.002       0.006       1.719       1.317       5.697       0.569       5.128
     129.100    7048.063       0.006       1.719       1.317       5.697       0.568       5.129
     129.200    7048.124       0.006       1.719       1.317       5.697       0.568       5.129
     129.300    7048.186       0.006       1.719       1.317       5.697       0.568       5.129
     129.400    7048.247       0.006       1.719       1.317       5.697       0.568       5.129
     129.500    7048.309       0.006       1.719       1.317       5.698       0.568       5.130
     129.600    7048.370       0.006       1.719       1.317       5.698       0.568       5.130
     129.700    7048.432       0.006       1.719       1.316       5.698       0.568       5.130
     129.800    7048.493       0.006       1.719       1.316       5.698       0.568       5.130
     129.900    7048.555       0.006       1.719       1.316       5.698       0.567       5.130
     130.000    7048.617       0.006       1.719       1.316       5.698       0.567       5.131
     130.100    7048.678       0.006       1.719       1.316       5.698       0.567       5.131
     130.200    7048.740       0.006       1.719       1.316       5.698       0.567       5.131
     130.300    7048.802       0.006       1.719       1.316       5.698       0.567       5.131
     130.400    7048.864       0.006       1.719       1.316       5.698       0.567       5.132
     130.500    7048.926       0.006       1.719       1.316       5.699       0.567       5.132
     130.600    7048.988       0.006       1.719       1.316       5.699       0.567       5.132
     130.700    7049.050       0.006       1.719       1.316       5.699       0.566       5.132
     130.800    7049.112       0.006       1.719       1.316       5.699       0.566       5.133
     130.900    7049.174       0.006       1.719       1.316       5.699       0.566       5.133
     131.000    7049.236       0.006       1.719       1.316       5.699       0.566       5.133
     131.100    7049.298       0.006       1.719       1.316       5.699       0.566       5.133
     131.200    7049.360       0.006       1.719       1.316       5.699       0.566       5.133
     131.300    7049.422       0.006       1.719       1.316       5.699       0.566       5.134
     131.400    7049.484       0.006       1.719       1.316       5.700       0.566       5.134
     131.500    7049.547       0.006       1.719       1.316       5.700       0.566       5.134
     131.600    7049.609       0.006       1.719       1.316       5.700       0.565       5.134
     131.700    7049.671       0.006       1.719       1.316       5.700       0.565       5.135
     131.800    7049.734       0.006       1.719       1.316       5.700       0.565       5.135
     131.900    7049.796       0.006       1.719       1.316       5.700       0.565       5.135
     132.000    7049.859       0.006       1.719       1.316       5.700       0.565       5.135
     132.100    7049.921       0.006       1.719       1.316       5.700       0.565       5.135
     132.200    7049.984       0.006       1.719       1.316       5.700       0.565       5.136
     132.300    7050.046       0.006       1.719       1.316       5.700       0.565       5.136
     132.400    7050.109       0.006       1.719       1.316       5.701       0.564       5.136
     132.500    7050.172       0.006       1.720       1.316       5.701       0.564       5.136
     132.600    7050.234       0.006       1.720       1.316       5.701       0.564       5.137
     132.700    7050.297       0.006       1.720       1.316       5.701       0.564       5.137
     132.800    7050.360       0.006       1.720       1.316       5.701       0.564       5.137
     132.900    7050.423       0.007       1.720       1.316       5.701       0.564       5.137
     133.000    7050.486       0.007       1.720       1.316       5.701       0.564       5.137
     133.100    7050.549       0.007       1.720       1.316       5.701       0.564       5.138
     133.200    7050.611       0.007       1.720       1.316       5.701       0.563       5.138
     133.300    7050.674       0.007       1.720       1.316       5.702       0.563       5.138
     133.400    7050.738       0.007       1.720       1.316       5.702       0.563       5.138
     133.500    7050.801       0.007       1.720       1.316       5.702       0.563       5.139
     133.600    7050.864       0.007       1.720       1.316       5.702       0.563       5.139
     133.700    7050.927       0.007       1.720       1.316       5.702       0.563       5.139
     133.800    7050.990       0.007       1.720       1.316       5.702       0.563       5.139
     133.900    7051.053       0.007       1.720       1.316       5.702       0.563       5.140
     134.000    7051.117       0.007       1.720       1.316       5.702       0.562       5.140
     134.100    7051.180       0.007       1.720       1.316       5.702       0.562       5.140
     134.200    7051.243       0.007       1.720       1.316       5.702       0.562       5.140
     134.300    7051.307       0.007       1.720       1.316       5.703       0.562       5.140
     134.400    7051.370       0.007       1.720       1.316       5.703       0.562       5.141
     134.500    7051.434       0.007       1.720       1.316       5.703       0.562       5.141
     134.600    7051.497       0.007       1.720       1.316       5.703       0.562       5.141
     134.700    7051.561       0.007       1.720       1.316       5.703       0.562       5.141
     134.800    7051.624       0.007       1.720       1.316       5.703       0.562       5.142
     134.900    7051.688       0.007       1.720       1.316       5.703       0.561       5.142
     135.000    7051.752       0.007       1.720       1.316       5.703       0.561       5.142
     135.100    7051.815       0.007       1.720       1.315       5.703       0.561       5.142
     135.200    7051.879       0.007       1.720       1.315       5.703       0.561       5.142
     135.300    7051.943       0.007       1.720       1.315       5.704       0.561       5.143
     135.400    7052.007       0.007       1.720       1.315       5.704       0.561       5.143
     135.500    7052.071       0.007       1.720       1.315       5.704       0.561       5.143
     135.600    7052.134       0.007       1.720       1.315       5.704       0.561       5.143
     135.700    7052.198       0.007       1.720       1.315       5.704       0.560       5.144
     135.800    7052.262       0.007       1.720       1.315       5.704       0.560       5.144
     135.900    7052.326       0.007       1.720       1.315       5.704       0.560       5.144
     136.000    7052.390       0.007       1.720       1.315       5.704       0.560       5.144
     136.100    7052.455       0.007       1.721       1.315       5.704       0.560       5.144
     136.200    7052.519       0.007       1.721       1.315       5.705       0.560       5.145
     136.300    7052.583       0.007       1.721       1.315       5.705       0.560       5.145
     136.400    7052.647       0.007       1.721       1.315       5.705       0.560       5.145
     136.500    7052.711       0.007       1.721       1.315       5.705       0.559       5.145
     136.600    7052.776       0.007       1.721       1.315       5.705       0.559       5.146
     136.700    7052.840       0.007       1.721       1.315       5.705       0.559       5.146
     136.800    7052.904       0.007       1.721       1.315       5.705       0.559       5.146
     136.900    7052.969       0.007       1.721       1.315       5.705       0.559       5.146
     137.000    7053.033       0.007       1.721       1.315       5.705       0.559       5.147
     137.100    7053.098       0.007       1.721       1.315       5.705       0.559       5.147
     137.200    7053.162       0.007       1.721       1.315       5.706       0.559       5.147
     137.300    7053.227       0.007       1.721       1.315       5.706       0.558       5.147
     137.400    7053.292       0.007       1.721       1.315       5.706       0.558       5.147
     137.500    7053.356       0.007       1.721       1.315       5.706       0.558       5.148
     137.600    7053.421       0.007       1.721       1.315       5.706       0.558       5.148
     137.700    7053.486       0.007       1.721       1.315       5.706       0.558       5.148
     137.800    7053.550       0.007       1.721       1.315       5.706       0.558       5.148
     137.900    7053.615       0.007       1.721       1.315       5.706       0.558       5.149
     138.000    7053.680       0.007       1.721       1.315       5.706       0.558       5.149
     138.100    7053.745       0.008       1.721       1.315       5.707       0.558       5.149
     138.200    7053.810       0.008       1.721       1.315       5.707       0.557       5.149
     138.300    7053.875       0.008       1.721       1.315       5.707       0.557       5.149
     138.400    7053.940       0.008       1.721       1.315       5.707       0.557       5.150
     138.500    7054.005       0.008       1.721       1.315       5.707       0.557       5.150
     138.600    7054.070       0.008       1.721       1.315       5.707       0.557       5.150
     138.700    7054.135       0.008       1.721       1.315       5.707       0.557       5.150
     138.800    7054.200       0.008       1.721       1.315       5.707       0.557       5.151
     138.900    7054.265       0.008       1.721       1.315       5.707       0.557       5.151
     139.000    7054.331       0.008       1.721       1.315       5.707       0.556       5.151
     139.100    7054.396       0.008       1.721       1.315       5.708       0.556       5.151
     139.200    7054.461       0.008       1.721       1.315       5.708       0.556       5.151
     139.300    7054.527       0.008       1.721       1.315       5.708       0.556       5.152
     139.400    7054.592       0.008       1.721       1.315       5.708       0.556       5.152
     139.500    7054.658       0.008       1.721       1.315       5.708       0.556       5.152
     139.600    7054.723       0.008       1.722       1.315       5.708       0.556       5.152
     139.700    7054.789       0.008       1.722       1.315       5.708       0.556       5.153
     139.800    7054.854       0.008       1.722       1.315       5.708       0.555       5.153
     139.900    7054.920       0.008       1.722       1.315       5.708       0.555       5.153
     140.000    7054.985       0.008       1.722       1.315       5.709       0.555       5.153
     140.100    7055.051       0.008       1.722       1.315       5.709       0.555       5.154
     140.200    7055.117       0.008       1.722       1.315       5.709       0.555       5.154
     140.300    7055.182       0.008       1.722       1.315       5.709       0.555       5.154
     140.400    7055.248       0.008       1.722       1.315       5.709       0.555       5.154
     140.500    7055.314       0.008       1.722       1.315       5.709       0.555       5.154
     140.600    7055.380       0.008       1.722       1.314       5.709       0.555       5.155
     140.700    7055.446       0.008       1.722       1.314       5.709       0.554       5.155
     140.800    7055.512       0.008       1.722       1.314       5.709       0.554       5.155
     140.900    7055.578       0.008       1.722       1.314       5.709       0.554       5.155
     141.000    7055.644       0.008       1.722       1.314       5.710       0.554       5.156
     141.100    7055.710       0.008       1.722       1.314       5.710       0.554       5.156
     141.200    7055.776       0.008       1.722       1.314       5.710       0.554       5.156
     141.300    7055.842       0.008       1.722       1.314       5.710       0.554       5.156
     141.400    7055.908       0.008       1.722       1.314       5.710       0.554       5.156
     141.500    7055.974       0.008       1.722       1.314       5.710       0.553       5.157
     141.600    7056.041       0.008       1.722       1.314       5.710       0.553       5.157
     141.700    7056.107       0.008       1.722       1.314       5.710       0.553       5.157
     141.800    7056.173       0.008       1.722       1.314       5.710       0.553       5.157
     141.900    7056.240       0.008       1.722       1.314       5.710       0.553       5.158
     142.000    7056.306       0.008       1.722       1.314       5.711       0.553       5.158
     142.100    7056.372       0.008       1.722       1.314       5.711       0.553       5.158
     142.200    7056.439       0.008       1.722       1.314       5.711       0.553       5.158
     142.300    7056.505       0.008       1.722       1.314       5.711       0.552       5.158
     142.400    7056.572       0.008       1.722       1.314       5.711       0.552       5.159
     142.500    7056.638       0.008       1.722       1.314       5.711       0.552       5.159
     142.600    7056.705       0.008       1.722       1.314       5.711       0.552       5.159
     142.700    7056.772       0.008       1.722       1.314       5.711       0.552       5.159
     142.800    7056.838       0.008       1.722       1.314       5.711       0.552       5.160
     142.900    7056.905       0.008       1.722       1.314       5.712       0.552       5.160
     143.000    7056.972       0.008       1.722       1.314       5.712       0.552       5.160
     143.100    7057.039       0.008       1.722       1.314       5.712       0.551       5.160
     143.200    7057.106       0.008       1.723       1.314       5.712       0.551       5.160
     143.300    7057.173       0.009       1.723       1.314       5.712       0.551       5.161
     143.400    7057.239       0.009       1.723       1.314       5.712       0.551       5.161
     143.500    7057.306       0.009       1.723       1.314       5.712       0.551       5.161
     143.600    7057.373       0.009       1.723       1.314       5.712       0.551       5.161
     143.700    7057.441       0.009       1.723       1.314       5.712       0.551       5.162
     143.800    7057.508       0.009       1.723       1.314       5.712       0.551       5.162
     143.900    7057.575       0.009       1.723       1.314       5.713       0.551       5.162
     144.000    7057.642       0.009       1.723       1.314       5.713       0.550       5.162
     144.100    7057.709       0.009       1.723       1.314       5.713       0.550       5.163
     144.200    7057.776       0.009       1.723       1.314       5.713       0.550       5.163
     144.300    7057.844       0.009       1.723       1.314       5.713       0.550       5.163
     144.400    7057.911       0.009       1.723       1.314       5.713       0.550       5.163
     144.500    7057.978       0.009       1.723       1.314       5.713       0.550       5.163
     144.600    7058.046       0.009       1.723       1.314       5.713       0.550       5.164
     144.700    7058.113       0.009       1.723       1.314       5.713       0.550       5.164
     144.800    7058.180       0.009       1.723       1.314       5.714       0.549       5.164
     144.900    7058.248       0.009       1.723       1.314       5.714       0.549       5.164
     145.000    7058.316       0.009       1.723       1.314       5.714       0.549       5.165
     145.100    7058.383       0.009       1.723       1.314       5.714       0.549       5.165
     145.200    7058.451       0.009       1.723       1.314       5.714       0.549       5.165
     145.300    7058.518       0.009       1.723       1.314       5.714       0.549       5.165
     145.400    7058.586       0.009       1.723       1.314       5.714       0.549       5.165
     145.500    7058.654       0.009       1.723       1.314       5.714       0.549       5.166
     145.600    7058.722       0.009       1.723       1.314       5.714       0.548       5.166
     145.700    7058.789       0.009       1.723       1.314       5.714       0.548       5.166
     145.800    7058.857       0.009       1.723       1.314       5.715       0.548       5.166
     145.900    7058.925       0.009       1.723       1.314       5.715       0.548       5.167
     146.000    7058.993       0.009       1.723       1.314       5.715       0.548       5.167
     146.100    7059.061       0.009       1.723       1.313       5.715       0.548       5.167
     146.200    7059.129       0.009       1.723       1.313       5.715       0.548       5.167
     146.300    7059.197       0.009       1.723       1.313       5.715       0.548       5.167
     146.400    7059.265       0.009       1.723       1.313       5.715       0.548       5.168
     146.500    7059.333       0.009       1.723       1.313       5.715       0.547       5.168
     146.600    7059.401       0.009       1.723       1.313       5.715       0.547       5.168
     146.700    7059.469       0.009       1.723       1.313       5.716       0.547       5.168
     146.800    7059.538       0.009       1.724       1.313       5.716       0.547       5.169
     146.900    7059.606       0.009       1.724       1.313       5.716       0.547       5.169
     147.000    7059.674       0.009       1.724       1.313       5.716       0.547       5.169
     147.100    7059.742       0.009       1.724       1.313       5.716       0.547       5.169
     147.200    7059.811       0.009       1.724       1.313       5.716       0.547       5.169
     147.300    7059.879       0.009       1.724       1.313       5.716       0.546       5.170
     147.400    7059.948       0.009       1.724       1.313       5.716       0.546       5.170
     147.500    7060.016       0.009       1.724       1.313       5.716       0.546       5.170
     147.600    7060.085       0.009       1.724       1.313       5.716       0.546       5.170
     147.700    7060.153       0.009       1.724       1.313       5.717       0.546       5.171
     147.800    7060.222       0.009       1.724       1.313       5.717       0.546       5.171
     147.900    7060.290       0.009       1.724       1.313       5.717       0.546       5.171
     148.000    7060.359       0.009       1.724       1.313       5.717       0.546       5.171
     148.100    7060.428       0.009       1.724       1.313       5.717       0.545       5.171
     148.200    7060.496       0.009       1.724       1.313       5.717       0.545       5.172
     148.300    7060.565       0.009       1.724       1.313       5.717       0.545       5.172
     148.400    7060.634       0.009       1.724       1.313       5.717       0.545       5.172
     148.500    7060.703       0.009       1.724       1.313       5.717       0.545       5.172
     148.600    7060.772       0.010       1.724       1.313       5.718       0.545       5.173
     148.700    7060.841       0.010       1.724       1.313       5.718       0.545       5.173
     148.800    7060.910       0.010       1.724       1.313       5.718       0.545       5.173
     148.900    7060.979       0.010       1.724       1.313       5.718       0.545       5.173
     149.000    7061.048       0.010       1.724       1.313       5.718       0.544       5.174
     149.100    7061.117       0.010       1.724       1.313       5.718       0.544       5.174
     149.200    7061.186       0.010       1.724       1.313       5.718       0.544       5.174
     149.300    7061.255       0.010       1.724       1.313       5.718       0.544       5.174
     149.400    7061.324       0.010       1.724       1.313       5.718       0.544       5.174
     149.500    7061.393       0.010       1.724       1.313       5.718       0.544       5.175
     149.600    7061.463       0.010       1.724       1.313       5.719       0.544       5.175
     149.700    7061.532       0.010       1.724       1.313       5.719       0.544       5.175
     149.800    7061.601       0.010       1.724       1.313       5.719       0.543       5.175
     149.900    7061.671       0.010       1.724       1.313       5.719       0.543       5.176
     150.000    7061.740       0.010       1.724       1.313       5.719       0.543       5.176
     150.100    7061.809       0.010       1.724       1.313       5.719       0.543       5.176
     150.200    7061.879       0.010       1.724       1.313       5.719       0.543       5.176
     150.300    7061.948       0.010       1.724       1.313       5.719       0.543       5.176
     150.400    7062.018       0.010       1.725       1.313       5.719       0.543       5.177
     150.500    7062.087       0.010       1.725       1.313       5.719       0.543       5.177
     150.600    7062.157       0.010       1.725       1.313       5.720       0.542       5.177
     150.700    7062.227       0.010       1.725       1.313       5.720       0.542       5.177
     150.800    7062.296       0.010       1.725       1.313       5.720       0.542       5.178
     150.900    7062.366       0.010       1.725       1.313       5.720       0.542       5.178
     151.000    7062.436       0.010       1.725       1.313       5.720       0.542       5.178
     151.100    7062.506       0.010       1.725       1.313       5.720       0.542       5.178
     151.200    7062.576       0.010       1.725       1.313       5.720       0.542       5.178
     151.300    7062.645       0.010       1.725       1.313       5.720       0.542       5.179
     151.400    7062.715       0.010       1.725       1.313       5.720       0.542       5.179
     151.500    7062.785       0.010       1.725       1.313       5.721       0.541       5.179
     151.600    7062.855       0.010       1.725       1.312       5.721       0.541       5.179
     151.700    7062.925       0.010       1.725       1.312       5.721       0.541       5.180
     151.800    7062.995       0.010       1.725       1.312       5.721       0.541       5.180
     151.900    7063.065       0.010       1.725       1.312       5.721       0.541       5.180
     152.000    7063.136       0.010       1.725       1.312       5.721       0.541       5.180
     152.100    7063.206       0.010       1.725       1.312       5.721       0.541       5.180
     152.200    7063.276       0.010       1.725       1.312       5.721       0.541       5.181
     152.300    7063.346       0.010       1.725       1.312       5.721       0.540       5.181
     152.400    7063.416       0.010       1.725       1.312       5.721       0.540       5.181
     152.500    7063.487       0.010       1.725       1.312       5.722       0.540       5.181
     152.600    7063.557       0.010       1.725       1.312       5.722       0.540       5.182
     152.700    7063.627       0.010       1.725       1.312       5.722       0.540       5.182
     152.800    7063.698       0.010       1.725       1.312       5.722       0.540       5.182
     152.900    7063.768       0.010       1.725       1.312       5.722       0.540       5.182
     153.000    7063.839       0.010       1.725       1.312       5.722       0.540       5.182
     153.100    7063.909       0.010       1.725       1.312       5.722       0.540       5.183
     153.200    7063.980       0.010       1.725       1.312       5.722       0.539       5.183
     153.300    7064.050       0.010       1.725       1.312       5.722       0.539       5.183
     153.400    7064.121       0.010       1.725       1.312       5.723       0.539       5.183
     153.500    7064.192       0.010       1.725       1.312       5.723       0.539       5.184
     153.600    7064.263       0.010       1.725       1.312       5.723       0.539       5.184
     153.700    7064.333       0.010       1.725       1.312       5.723       0.539       5.184
     153.800    7064.404       0.011       1.725       1.312       5.723       0.539       5.184
     153.900    7064.475       0.011       1.726       1.312       5.723       0.539       5.184
     154.000    7064.546       0.011       1.726       1.312       5.723       0.538       5.185
     154.100    7064.617       0.011       1.726       1.312       5.723       0.538       5.185
     154.200    7064.687       0.011       1.726       1.312       5.723       0.538       5.185
     154.300    7064.758       0.011       1.726       1.312       5.723       0.538       5.185
     154.400    7064.829       0.011       1.726       1.312       5.724       0.538       5.186
     154.500    7064.900       0.011       1.726       1.312       5.724       0.538       5.186
     154.600    7064.972       0.011       1.726       1.312       5.724       0.538       5.186
     154.700    7065.043       0.011       1.726       1.312       5.724       0.538       5.186
     154.800    7065.114       0.011       1.726       1.312       5.724       0.537       5.187
     154.900    7065.185       0.011       1.726       1.312       5.724       0.537       5.187
     155.000    7065.256       0.011       1.726       1.312       5.724       0.537       5.187
     155.100    7065.327       0.011       1.726       1.312       5.724       0.537       5.187
     155.200    7065.399       0.011       1.726       1.312       5.724       0.537       5.187
     155.300    7065.470       0.011       1.726       1.312       5.725       0.537       5.188
     155.400    7065.541       0.011       1.726       1.312       5.725       0.537       5.188
     155.500    7065.613       0.011       1.726       1.312       5.725       0.537       5.188
     155.600    7065.684       0.011       1.726       1.312       5.725       0.537       5.188
     155.700    7065.756       0.011       1.726       1.312       5.725       0.536       5.189
     155.800    7065.827       0.011       1.726       1.312       5.725       0.536       5.189
     155.900    7065.899       0.011       1.726       1.312       5.725       0.536       5.189
     156.000    7065.970       0.011       1.726       1.312       5.725       0.536       5.189
     156.100    7066.042       0.011       1.726       1.312       5.725       0.536       5.189
     156.200    7066.113       0.011       1.726       1.312       5.725       0.536       5.190
     156.300    7066.185       0.011       1.726       1.312       5.726       0.536       5.190
     156.400    7066.257       0.011       1.726       1.312       5.726       0.536       5.190
     156.500    7066.329       0.011       1.726       1.312       5.726       0.535       5.190
     156.600    7066.400       0.011       1.726       1.312       5.726       0.535       5.191
     156.700    7066.472       0.011       1.726       1.312       5.726       0.535       5.191
     156.800    7066.544       0.011       1.726       1.312       5.726       0.535       5.191
     156.900    7066.616       0.011       1.726       1.312       5.726       0.535       5.191
     157.000    7066.688       0.011       1.726       1.312       5.726       0.535       5.191
     157.100    7066.760       0.011       1.726       1.312       5.726       0.535       5.192
     157.200    7066.832       0.011       1.726       1.311       5.726       0.535       5.192
     157.300    7066.904       0.011       1.726       1.311       5.727       0.535       5.192
     157.400    7066.976       0.011       1.726       1.311       5.727       0.534       5.192
     157.500    7067.048       0.011       1.727       1.311       5.727       0.534       5.193
     157.600    7067.120       0.011       1.727       1.311       5.727       0.534       5.193
     157.700    7067.192       0.011       1.727       1.311       5.727       0.534       5.193
     157.800    7067.264       0.011       1.727       1.311       5.727       0.534       5.193
     157.900    7067.337       0.011       1.727       1.311       5.727       0.534       5.193
     158.000    7067.409       0.011       1.727       1.311       5.727       0.534       5.194
     158.100    7067.481       0.011       1.727       1.311       5.727       0.534       5.194
     158.200    7067.554       0.011       1.727       1.311       5.728       0.533       5.194
     158.300    7067.626       0.011       1.727       1.311       5.728       0.533       5.194
     158.400    7067.698       0.011       1.727       1.311       5.728       0.533       5.195
     158.500    7067.771       0.011       1.727       1.311       5.728       0.533       5.195
     158.600    7067.843       0.011       1.727       1.311       5.728       0.533       5.195
     158.700    7067.916       0.011       1.727       1.311       5.728       0.533       5.195
     158.800    7067.988       0.011       1.727       1.311       5.728       0.533       5.195
     158.900    7068.061       0.011       1.727       1.311       5.728       0.533       5.196
     159.000    7068.134       0.011       1.727       1.311       5.728       0.532       5.196
     159.100    7068.206       0.011       1.727       1.311       5.728       0.532       5.196
     159.200    7068.279       0.012       1.727       1.311       5.729       0.532       5.196
     159.300    7068.352       0.012       1.727       1.311       5.729       0.532       5.197
     159.400    7068.424       0.012       1.727       1.311       5.729       0.532       5.197
     159.500    7068.497       0.012       1.727       1.311       5.729       0.532       5.197
     159.600    7068.570       0.012       1.727       1.311       5.729       0.532       5.197
     159.700    7068.643       0.012       1.727       1.311       5.729       0.532       5.197
     159.800    7068.716       0.012       1.727       1.311       5.729       0.532       5.198
     159.900    7068.789       0.012       1.727       1.311       5.729       0.531       5.198
     160.000    7068.862       0.012       1.727       1.311       5.729       0.531       5.198
     160.100    7068.935       0.012       1.727       1.311       5.730       0.531       5.198
     160.200    7069.008       0.012       1.727       1.311       5.730       0.531       5.199
     160.300    7069.081       0.012       1.727       1.311       5.730       0.531       5.199
     160.400    7069.154       0.012       1.727       1.311       5.730       0.531       5.199
     160.500    7069.227       0.012       1.727       1.311       5.730       0.531       5.199
     160.600    7069.300       0.012       1.727       1.311       5.730       0.531       5.199
     160.700    7069.373       0.012       1.727       1.311       5.730       0.530       5.200
     160.800    7069.447       0.012       1.727       1.311       5.730       0.530       5.200
     160.900    7069.520       0.012       1.727       1.311       5.730       0.530       5.200
     161.000    7069.593       0.012       1.728       1.311       5.730       0.530       5.200
     161.100    7069.667       0.012       1.728       1.311       5.731       0.530       5.201
     161.200    7069.740       0.012       1.728       1.311       5.731       0.530       5.201
     161.300    7069.813       0.012       1.728       1.311       5.731       0.530       5.201
     161.400    7069.887       0.012       1.728       1.311       5.731       0.530       5.201
     161.500    7069.960       0.012       1.728       1.311       5.731       0.530       5.201
     161.600    7070.034       0.012       1.728       1.311       5.731       0.529       5.202
     161.700    7070.108       0.012       1.728       1.311       5.731       0.529       5.202
     161.800    7070.181       0.012       1.728       1.311       5.731       0.529       5.202
     161.900    7070.255       0.012       1.728       1.311       5.731       0.529       5.202
     162.000    7070.328       0.012       1.728       1.311       5.732       0.529       5.203
     162.100    7070.402       0.012       1.728       1.311       5.732       0.529       5.203
     162.200    7070.476       0.012       1.728       1.311       5.732       0.529       5.203
     162.300    7070.550       0.012       1.728       1.311       5.732       0.529       5.203
     162.400    7070.623       0.012       1.728       1.311       5.732       0.528       5.203
     162.500    7070.697       0.012       1.728       1.311       5.732       0.528       5.204
     162.600    7070.771       0.012       1.728       1.311       5.732       0.528       5.204
     162.700    7070.845       0.012       1.728       1.311       5.732       0.528       5.204
     162.800    7070.919       0.012       1.728       1.311       5.732       0.528       5.204
     162.900    7070.993       0.012       1.728       1.310       5.732       0.528       5.205
     163.000    7071.067       0.012       1.728       1.310       5.733       0.528       5.205
     163.100    7071.141       0.012       1.728       1.310       5.733       0.528       5.205
     163.200    7071.215       0.012       1.728       1.310       5.733       0.528       5.205
     163.300    7071.289       0.012       1.728       1.310       5.733       0.527       5.205
     163.400    7071.363       0.012       1.728       1.310       5.733       0.527       5.206
     163.500    7071.437       0.012       1.728       1.310       5.733       0.527       5.206
     163.600    7071.512       0.012       1.728       1.310       5.733       0.527       5.206
     163.700    7071.586       0.012       1.728       1.310       5.733       0.527       5.206
     163.800    7071.660       0.012       1.728       1.310       5.733       0.527       5.207
     163.900    7071.735       0.012       1.728       1.310       5.734       0.527       5.207
     164.000    7071.809       0.012       1.728       1.310       5.734       0.527       5.207
     164.100    7071.883       0.012       1.728       1.310       5.734       0.526       5.207
     164.200    7071.958       0.012       1.728       1.310       5.734       0.526       5.207
     164.300    7072.032       0.012       1.728       1.310       5.734       0.526       5.208
     164.400    7072.107       0.012       1.728       1.310       5.734       0.526       5.208
     164.500    7072.181       0.013       1.729       1.310       5.734       0.526       5.208
     164.600    7072.256       0.013       1.729       1.310       5.734       0.526       5.208
     164.700    7072.330       0.013       1.729       1.310       5.734       0.526       5.209
     164.800    7072.405       0.013       1.729       1.310       5.734       0.526       5.209
     164.900    7072.480       0.013       1.729       1.310       5.735       0.526       5.209
     165.000    7072.554       0.013       1.729       1.310       5.735       0.525       5.209
     165.100    7072.629       0.013       1.729       1.310       5.735       0.525       5.209
     165.200    7072.704       0.013       1.729       1.310       5.735       0.525       5.210
     165.300    7072.778       0.013       1.729       1.310       5.735       0.525       5.210
     165.400    7072.853       0.013       1.729       1.310       5.735       0.525       5.210
     165.500    7072.928       0.013       1.729       1.310       5.735       0.525       5.210
     165.600    7073.003       0.013       1.729       1.310       5.735       0.525       5.211
     165.700    7073.078       0.013       1.729       1.310       5.735       0.525       5.211
     165.800    7073.153       0.013       1.729       1.310       5.735       0.524       5.211
     165.900    7073.228       0.013       1.729       1.310       5.736       0.524       5.211
     166.000    7073.303       0.013       1.729       1.310       5.736       0.524       5.211
     166.100    7073.378       0.013       1.729       1.310       5.736       0.524       5.212
     166.200    7073.453       0.013       1.729       1.310       5.736       0.524       5.212
     166.300    7073.528       0.013       1.729       1.310       5.736       0.524       5.212
     166.400    7073.603       0.013       1.729       1.310       5.736       0.524       5.212
     166.500    7073.679       0.013       1.729       1.310       5.736       0.524       5.213
     166.600    7073.754       0.013       1.729       1.310       5.736       0.524       5.213
     166.700    7073.829       0.013       1.729       1.310       5.736       0.523       5.213
     166.800    7073.904       0.013       1.729       1.310       5.737       0.523       5.213
     166.900    7073.980       0.013       1.729       1.310       5.737       0.523       5.213
     167.000    7074.055       0.013       1.729       1.310       5.737       0.523       5.214
     167.100    7074.130       0.013       1.729       1.310       5.737       0.523       5.214
     167.200    7074.206       0.013       1.729       1.310       5.737       0.523       5.214
     167.300    7074.281       0.013       1.729       1.310       5.737       0.523       5.214
     167.400    7074.357       0.013       1.729       1.310       5.737       0.523       5.215
     167.500    7074.432       0.013       1.729       1.310       5.737       0.522       5.215
     167.600    7074.508       0.013       1.729       1.310       5.737       0.522       5.215
     167.700    7074.583       0.013       1.729       1.310       5.737       0.522       5.215
     167.800    7074.659       0.013       1.729       1.310       5.738       0.522       5.215
     167.900    7074.735       0.013       1.729       1.310       5.738       0.522       5.216
     168.000    7074.810       0.013       1.730       1.310       5.738       0.522       5.216
     168.100    7074.886       0.013       1.730       1.310       5.738       0.522       5.216
     168.200    7074.962       0.013       1.730       1.310       5.738       0.522       5.216
     168.300    7075.038       0.013       1.730       1.310       5.738       0.522       5.217
     168.400    7075.113       0.013       1.730       1.310       5.738       0.521       5.217
     168.500    7075.189       0.013       1.730       1.309       5.738       0.521       5.217
     168.600    7075.265       0.013       1.730       1.309       5.738       0.521       5.217
     168.700    7075.341       0.013       1.730       1.309       5.739       0.521       5.217
     168.800    7075.417       0.013       1.730       1.309       5.739       0.521       5.218
     168.900    7075.493       0.013       1.730       1.309       5.739       0.521       5.218
     169.000    7075.569       0.013       1.730       1.309       5.739       0.521       5.218
     169.100    7075.645       0.013       1.730       1.309       5.739       0.521       5.218
     169.200    7075.721       0.013       1.730       1.309       5.739       0.520       5.219
     169.300    7075.797       0.013       1.730       1.309       5.739       0.520       5.219
     169.400    7075.874       0.013       1.730       1.309       5.739       0.520       5.219
     169.500    7075.950       0.013       1.730       1.309       5.739       0.520       5.219
     169.600    7076.026       0.013       1.730       1.309       5.739       0.520       5.219
     169.700    7076.102       0.013       1.730       1.309       5.740       0.520       5.220
     169.800    7076.178       0.013       1.730       1.309       5.740       0.520       5.220
     169.900    7076.255       0.014       1.730       1.309       5.740       0.520       5.220
     170.000    7076.331       0.014       1.730       1.309       5.740       0.520       5.220
     170.100    7076.408       0.014       1.730       1.309       5.740       0.519       5.221
     170.200    7076.484       0.014       1.730       1.309       5.740       0.519       5.221
     170.300    7076.560       0.014       1.730       1.309       5.740       0.519       5.221
     170.400    7076.637       0.014       1.730       1.309       5.740       0.519       5.221
     170.500    7076.713       0.014       1.730       1.309       5.740       0.519       5.221
     170.600    7076.790       0.014       1.730       1.309       5.741       0.519       5.222
     170.700    7076.867       0.014       1.730       1.309       5.741       0.519       5.222
     170.800    7076.943       0.014       1.730       1.309       5.741       0.519       5.222
     170.900    7077.020       0.014       1.730       1.309       5.741       0.518       5.222
     171.000    7077.096       0.014       1.730       1.309       5.741       0.518       5.223
     171.100    7077.173       0.014       1.730       1.309       5.741       0.518       5.223
     171.200    7077.250       0.014       1.730       1.309       5.741       0.518       5.223
     171.300    7077.327       0.014       1.730       1.309       5.741       0.518       5.223
     171.400    7077.403       0.014       1.730       1.309       5.741       0.518       5.223
     171.500    7077.480       0.014       1.731       1.309       5.741       0.518       5.224
     171.600    7077.557       0.014       1.731       1.309       5.742       0.518       5.224
     171.700    7077.634       0.014       1.731       1.309       5.742       0.518       5.224
     171.800    7077.711       0.014       1.731       1.309       5.742       0.517       5.224
     171.900    7077.788       0.014       1.731       1.309       5.742       0.517       5.225
     172.000    7077.865       0.014       1.731       1.309       5.742       0.517       5.225
     172.100    7077.942       0.014       1.731       1.309       5.742       0.517       5.225
     172.200    7078.019       0.014       1.731       1.309       5.742       0.517       5.225
     172.300    7078.096       0.014       1.731       1.309       5.742       0.517       5.225
     172.400    7078.173       0.014       1.731       1.309       5.742       0.517       5.226
     172.500    7078.251       0.014       1.731       1.309       5.743       0.517       5.226
     172.600    7078.328       0.014       1.731       1.309       5.743       0.516       5.226
     172.700    7078.405       0.014       1.731       1.309       5.743       0.516       5.226
     172.800    7078.482       0.014       1.731       1.309       5.743       0.516       5.227
     172.900    7078.559       0.014       1.731       1.309       5.743       0.516       5.227
     173.000    7078.637       0.014       1.731       1.309       5.743       0.516       5.227
     173.100    7078.714       0.014       1.731       1.309       5.743       0.516       5.227
     173.200    7078.792       0.014       1.731       1.309       5.743       0.516       5.227
     173.300    7078.869       0.014       1.731       1.309       5.743       0.516       5.228
     173.400    7078.946       0.014       1.731       1.309       5.743       0.516       5.228
     173.500    7079.024       0.014       1.731       1.309       5.744       0.515       5.228
     173.600    7079.101       0.014       1.731       1.309       5.744       0.515       5.228
     173.700    7079.179       0.014       1.731       1.309       5.744       0.515       5.229
     173.800    7079.257       0.014       1.731       1.309       5.744       0.515       5.229
     173.900    7079.334       0.014       1.731       1.309       5.744       0.515       5.229
     174.000    7079.412       0.014       1.731       1.309       5.744       0.515       5.229
     174.100    7079.490       0.014       1.731       1.309       5.744       0.515       5.229
     174.200    7079.567       0.014       1.731       1.309       5.744       0.515       5.230
     174.300    7079.645       0.014       1.731       1.308       5.744       0.515       5.230
     174.400    7079.723       0.014       1.731       1.308       5.745       0.514       5.230
     174.500    7079.801       0.014       1.731       1.308       5.745       0.514       5.230
     174.600    7079.878       0.014       1.731       1.308       5.745       0.514       5.231
     174.700    7079.956       0.014       1.731       1.308       5.745       0.514       5.231
     174.800    7080.034       0.014       1.731       1.308       5.745       0.514       5.231
     174.900    7080.112       0.014       1.731       1.308       5.745       0.514       5.231
     175.000    7080.190       0.014       1.732       1.308       5.745       0.514       5.231
     175.100    7080.268       0.014       1.732       1.308       5.745       0.514       5.232
     175.200    7080.346       0.014       1.732       1.308       5.745       0.513       5.232
     175.300    7080.424       0.015       1.732       1.308       5.745       0.513       5.232
     175.400    7080.502       0.015       1.732       1.308       5.746       0.513       5.232
     175.500    7080.580       0.015       1.732       1.308       5.746       0.513       5.233
     175.600    7080.659       0.015       1.732       1.308       5.746       0.513       5.233
     175.700    7080.737       0.015       1.732       1.308       5.746       0.513       5.233
     175.800    7080.815       0.015       1.732       1.308       5.746       0.513       5.233
     175.900    7080.893       0.015       1.732       1.308       5.746       0.513       5.233
     176.000    7080.971       0.015       1.732       1.308       5.746       0.513       5.234
     176.100    7081.050       0.015       1.732       1.308       5.746       0.512       5.234
     176.200    7081.128       0.015       1.732       1.308       5.746       0.512       5.234
     176.300    7081.206       0.015       1.732       1.308       5.746       0.512       5.234
     176.400    7081.285       0.015       1.732       1.308       5.747       0.512       5.235
     176.500    7081.363       0.015       1.732       1.308       5.747       0.512       5.235
     176.600    7081.442       0.015       1.732       1.308       5.747       0.512       5.235
     176.700    7081.520       0.015       1.732       1.308       5.747       0.512       5.235
     176.800    7081.599       0.015       1.732       1.308       5.747       0.512       5.235
     176.900    7081.677       0.015       1.732       1.308       5.747       0.511       5.236
     177.000    7081.756       0.015       1.732       1.308       5.747       0.511       5.236
     177.100    7081.835       0.015       1.732       1.308       5.747       0.511       5.236
     177.200    7081.913       0.015       1.732       1.308       5.747       0.511       5.236
     177.300    7081.992       0.015       1.732       1.308       5.748       0.511       5.237
     177.400    7082.071       0.015       1.732       1.308       5.748       0.511       5.237
     177.500    7082.149       0.015       1.732       1.308       5.748       0.511       5.237
     177.600    7082.228       0.015       1.732       1.308       5.748       0.511       5.237
     177.700    7082.307       0.015       1.732       1.308       5.748       0.511       5.237
     177.800    7082.386       0.015       1.732       1.308       5.748       0.510       5.238
     177.900    7082.465       0.015       1.732       1.308       5.748       0.510       5.238
     178.000    7082.544       0.015       1.732       1.308       5.748       0.510       5.238
     178.100    7082.623       0.015       1.732       1.308       5.748       0.510       5.238
     178.200    7082.702       0.015       1.732       1.308       5.748       0.510       5.239
     178.300    7082.781       0.015       1.732       1.308       5.749       0.510       5.239
     178.400    7082.860       0.015       1.732       1.308       5.749       0.510       5.239
     178.500    7082.939       0.015       1.733       1.308       5.749       0.510       5.239
     178.600    7083.018       0.015       1.733       1.308       5.749       0.509       5.239
     178.700    7083.097       0.015       1.733       1.308       5.749       0.509       5.240
     178.800    7083.176       0.015       1.733       1.308       5.749       0.509       5.240
     178.900    7083.255       0.015       1.733       1.308       5.749       0.509       5.240
     179.000    7083.335       0.015       1.733       1.308       5.749       0.509       5.240
     179.100    7083.414       0.015       1.733       1.308       5.749       0.509       5.241
     179.200    7083.493       0.015       1.733       1.308       5.750       0.509       5.241
     179.300    7083.572       0.015       1.733       1.308       5.750       0.509       5.241
     179.400    7083.652       0.015       1.733       1.308       5.750       0.509       5.241
     179.500    7083.731       0.015       1.733       1.308       5.750       0.508       5.241
     179.600    7083.811       0.015       1.733       1.308       5.750       0.508       5.242
     179.700    7083.890       0.015       1.733       1.308       5.750       0.508       5.242
     179.800    7083.969       0.015       1.733       1.308       5.750       0.508       5.242
     179.900    7084.049       0.015       1.733       1.308       5.750       0.508       5.242
     180.000    7084.128       0.015       1.733       1.308       5.750       0.508       5.242
     180.100    7084.208       0.015       1.733       1.307       5.750       0.508       5.243
     180.200    7084.288       0.015       1.733       1.307       5.751       0.508       5.243
     180.300    7084.367       0.015       1.733       1.307       5.751       0.508       5.243
     180.400    7084.447       0.015       1.733       1.307       5.751       0.507       5.243
     180.500    7084.527       0.015       1.733       1.307       5.751       0.507       5.244
     180.600    7084.606       0.015       1.733       1.307       5.751       0.507       5.244
     180.700    7084.686       0.015       1.733       1.307       5.751       0.507       5.244
     180.800    7084.766       0.016       1.733       1.307       5.751       0.507       5.244
     180.900    7084.846       0.016       1.733       1.307       5.751       0.507       5.244
     181.000    7084.925       0.016       1.733       1.307       5.751       0.507       5.245
     181.100    7085.005       0.016       1.733       1.307       5.752       0.507       5.245
     181.200    7085.085       0.016       1.733       1.307       5.752       0.506       5.245
     181.300    7085.165       0.016       1.733       1.307       5.752       0.506       5.245
     181.400    7085.245       0.016       1.733       1.307       5.752       0.506       5.246
     181.500    7085.325       0.016       1.733       1.307       5.752       0.506       5.246
     181.600    7085.405       0.016       1.733       1.307       5.752       0.506       5.246
     181.700    7085.485       0.016       1.733       1.307       5.752       0.506       5.246
     181.800    7085.565       0.016       1.733       1.307       5.752       0.506       5.246
     181.900    7085.645       0.016       1.733       1.307       5.752       0.506       5.247
     182.000    7085.725       0.016       1.734       1.307       5.752       0.506       5.247
     182.100    7085.806       0.016       1.734       1.307       5.753       0.505       5.247
     182.200    7085.886       0.016       1.734       1.307       5.753       0.505       5.247
     182.300    7085.966       0.016       1.734       1.307       5.753       0.505       5.248
     182.400    7086.046       0.016       1.734       1.307       5.753       0.505       5.248
     182.500    7086.127       0.016       1.734       1.307       5.753       0.505       5.248
     182.600    7086.207       0.016       1.734       1.307       5.753       0.505       5.248
     182.700    7086.287       0.016       1.734       1.307       5.753       0.505       5.248
     182.800    7086.368       0.016       1.734       1.307       5.753       0.505       5.249
     182.900    7086.448       0.016       1.734       1.307       5.753       0.505       5.249
     183.000    7086.529       0.016       1.734       1.307       5.754       0.504       5.249
     183.100    7086.609       0.016       1.734       1.307       5.754       0.504       5.249
     183.200    7086.690       0.016       1.734       1.307       5.754       0.504       5.250
     183.300    7086.770       0.016       1.734       1.307       5.754       0.504       5.250
     183.400    7086.851       0.016       1.734       1.307       5.754       0.504       5.250
     183.500    7086.931       0.016       1.734       1.307       5.754       0.504       5.250
     183.600    7087.012       0.016       1.734       1.307       5.754       0.504       5.250
     183.700    7087.093       0.016       1.734       1.307       5.754       0.504       5.251
     183.800    7087.173       0.016       1.734       1.307       5.754       0.503       5.251
     183.900    7087.254       0.016       1.734       1.307       5.754       0.503       5.251
     184.000    7087.335       0.016       1.734       1.307       5.755       0.503       5.251
     184.100    7087.415       0.016       1.734       1.307       5.755       0.503       5.252
     184.200    7087.496       0.016       1.734       1.307       5.755       0.503       5.252
     184.300    7087.577       0.016       1.734       1.307       5.755       0.503       5.252
     184.400    7087.658       0.016       1.734       1.307       5.755       0.503       5.252
     184.500    7087.739       0.016       1.734       1.307       5.755       0.503       5.252
     184.600    7087.820       0.016       1.734       1.307       5.755       0.503       5.253
     184.700    7087.901       0.016       1.734       1.307       5.755       0.502       5.253
     184.800    7087.982       0.016       1.734       1.307       5.755       0.502       5.253
     184.900    7088.063       0.016       1.734       1.307       5.756       0.502       5.253
     185.000    7088.144       0.016       1.734       1.307       5.756       0.502       5.254
     185.100    7088.225       0.016       1.734       1.307       5.756       0.502       5.254
     185.200    7088.306       0.016       1.734       1.307       5.756       0.502       5.254
     185.300    7088.387       0.016       1.734       1.307       5.756       0.502       5.254
     185.400    7088.468       0.016       1.734       1.307       5.756       0.502       5.254
     185.500    7088.549       0.016       1.735       1.307       5.756       0.502       5.255
     185.600    7088.631       0.016       1.735       1.307       5.756       0.501       5.255
     185.700    7088.712       0.016       1.735       1.307       5.756       0.501       5.255
     185.800    7088.793       0.016       1.735       1.307       5.756       0.501       5.255
     185.900    7088.874       0.016       1.735       1.306       5.757       0.501       5.255
     186.000    7088.956       0.016       1.735       1.306       5.757       0.501       5.256
     186.100    7089.037       0.016       1.735       1.306       5.757       0.501       5.256
     186.200    7089.119       0.017       1.735       1.306       5.757       0.501       5.256
     186.300    7089.200       0.017       1.735       1.306       5.757       0.501       5.256
     186.400    7089.281       0.017       1.735       1.306       5.757       0.500       5.257
     186.500    7089.363       0.017       1.735       1.306       5.757       0.500       5.257
     186.600    7089.444       0.017       1.735       1.306       5.757       0.500       5.257
     186.700    7089.526       0.017       1.735       1.306       5.757       0.500       5.257
     186.800    7089.608       0.017       1.735       1.306       5.758       0.500       5.257
     186.900    7089.689       0.017       1.735       1.306       5.758       0.500       5.258
     187.000    7089.771       0.017       1.735       1.306       5.758       0.500       5.258
     187.100    7089.853       0.017       1.735       1.306       5.758       0.500       5.258
     187.200    7089.934       0.017       1.735       1.306       5.758       0.500       5.258
     187.300    7090.016       0.017       1.735       1.306       5.758       0.499       5.259
     187.400    7090.098       0.017       1.735       1.306       5.758       0.499       5.259
     187.500    7090.179       0.017       1.735       1.306       5.758       0.499       5.259
     187.600    7090.261       0.017       1.735       1.306       5.758       0.499       5.259
     187.700    7090.343       0.017       1.735       1.306       5.758       0.499       5.259
     187.800    7090.425       0.017       1.735       1.306       5.759       0.499       5.260
     187.900    7090.507       0.017       1.735       1.306       5.759       0.499       5.260
     188.000    7090.589       0.017       1.735       1.306       5.759       0.499       5.260
     188.100    7090.671       0.017       1.735       1.306       5.759       0.499       5.260
     188.200    7090.753       0.017       1.735       1.306       5.759       0.498       5.261
     188.300    7090.835       0.017       1.735       1.306       5.759       0.498       5.261
     188.400    7090.917       0.017       1.735       1.306       5.759       0.498       5.261
     188.500    7090.999       0.017       1.735       1.306       5.759       0.498       5.261
     188.600    7091.081       0.017       1.735       1.306       5.759       0.498       5.261
     188.700    7091.163       0.017       1.735       1.306       5.759       0.498       5.262
     188.800    7091.245       0.017       1.735       1.306       5.760       0.498       5.262
     188.900    7091.327       0.017       1.736       1.306       5.760       0.498       5.262
     189.000    7091.410       0.017       1.736       1.306       5.760       0.498       5.262
     189.100    7091.492       0.017       1.736       1.306       5.760       0.497       5.263
     189.200    7091.574       0.017       1.736       1.306       5.760       0.497       5.263
     189.300    7091.656       0.017       1.736       1.306       5.760       0.497       5.263
     189.400    7091.739       0.017       1.736       1.306       5.760       0.497       5.263
     189.500    7091.821       0.017       1.736       1.306       5.760       0.497       5.263
     189.600    7091.904       0.017       1.736       1.306       5.760       0.497       5.264
     189.700    7091.986       0.017       1.736       1.306       5.761       0.497       5.264
     189.800    7092.068       0.017       1.736       1.306       5.761       0.497       5.264
     189.900    7092.151       0.017       1.736       1.306       5.761       0.496       5.264
     190.000    7092.233       0.017       1.736       1.306       5.761       0.496       5.264
     190.100    7092.316       0.017       1.736       1.306       5.761       0.496       5.265
     190.200    7092.399       0.017       1.736       1.306       5.761       0.496       5.265
     190.300    7092.481       0.017       1.736       1.306       5.761       0.496       5.265
     190.400    7092.564       0.017       1.736       1.306       5.761       0.496       5.265
     190.500    7092.646       0.017       1.736       1.306       5.761       0.496       5.266
     190.600    7092.729       0.017       1.736       1.306       5.761       0.496       5.266
     190.700    7092.812       0.017       1.736       1.306       5.762       0.496       5.266
     190.800    7092.894       0.017       1.736       1.306       5.762       0.495       5.266
     190.900    7092.977       0.017       1.736       1.306       5.762       0.495       5.266
     191.000    7093.060       0.017       1.736       1.306       5.762       0.495       5.267
     191.100    7093.143       0.017       1.736       1.306       5.762       0.495       5.267
     191.200    7093.226       0.017       1.736       1.306       5.762       0.495       5.267
     191.300    7093.309       0.017       1.736       1.306       5.762       0.495       5.267
     191.400    7093.391       0.017       1.736       1.306       5.762       0.495       5.268
     191.500    7093.474       0.017       1.736       1.306       5.762       0.495       5.268
     191.600    7093.557       0.017       1.736       1.306       5.763       0.495       5.268
     191.700    7093.640       0.017       1.736       1.306       5.763       0.494       5.268
     191.800    7093.723       0.018       1.736       1.306       5.763       0.494       5.268
     191.900    7093.806       0.018       1.736       1.305       5.763       0.494       5.269
     192.000    7093.890       0.018       1.736       1.305       5.763       0.494       5.269
     192.100    7093.973       0.018       1.736       1.305       5.763       0.494       5.269
     192.200    7094.056       0.018       1.736       1.305       5.763       0.494       5.269
     192.300    7094.139       0.018       1.736       1.305       5.763       0.494       5.270
     192.400    7094.222       0.018       1.737       1.305       5.763       0.494       5.270
     192.500    7094.305       0.018       1.737       1.305       5.763       0.494       5.270
     192.600    7094.389       0.018       1.737       1.305       5.764       0.493       5.270
     192.700    7094.472       0.018       1.737       1.305       5.764       0.493       5.270
     192.800    7094.555       0.018       1.737       1.305       5.764       0.493       5.271
     192.900    7094.638       0.018       1.737       1.305       5.764       0.493       5.271
     193.000    7094.722       0.018       1.737       1.305       5.764       0.493       5.271
     193.100    7094.805       0.018       1.737       1.305       5.764       0.493       5.271
     193.200    7094.889       0.018       1.737       1.305       5.764       0.493       5.271
     193.300    7094.972       0.018       1.737       1.305       5.764       0.493       5.272
     193.400    7095.056       0.018       1.737       1.305       5.764       0.492       5.272
     193.500    7095.139       0.018       1.737       1.305       5.765       0.492       5.272
     193.600    7095.223       0.018       1.737       1.305       5.765       0.492       5.272
     193.700    7095.306       0.018       1.737       1.305       5.765       0.492       5.273
     193.800    7095.390       0.018       1.737       1.305       5.765       0.492       5.273
     193.900    7095.473       0.018       1.737       1.305       5.765       0.492       5.273
     194.000    7095.557       0.018       1.737       1.305       5.765       0.492       5.273
     194.100    7095.641       0.018       1.737       1.305       5.765       0.492       5.273
     194.200    7095.724       0.018       1.737       1.305       5.765       0.492       5.274
     194.300    7095.808       0.018       1.737       1.305       5.765       0.491       5.274
     194.400    7095.892       0.018       1.737       1.305       5.765       0.491       5.274
     194.500    7095.976       0.018       1.737       1.305       5.766       0.491       5.274
     194.600    7096.059       0.018       1.737       1.305       5.766       0.491       5.275
     194.700    7096.143       0.018       1.737       1.305       5.766       0.491       5.275
     194.800    7096.227       0.018       1.737       1.305       5.766       0.491       5.275
     194.900    7096.311       0.018       1.737       1.305       5.766       0.491       5.275
     195.000    7096.395       0.018       1.737       1.305       5.766       0.491       5.275
     195.100    7096.479       0.018       1.737       1.305       5.766       0.491       5.276
     195.200    7096.563       0.018       1.737       1.305       5.766       0.490       5.276
     195.300    7096.647       0.018       1.737       1.305       5.766       0.490       5.276
     195.400    7096.731       0.018       1.737       1.305       5.767       0.490       5.276
     195.500    7096.815       0.018       1.737       1.305       5.767       0.490       5.277
     195.600    7096.899       0.018       1.737       1.305       5.767       0.490       5.277
     195.700    7096.983       0.018       1.737       1.305       5.767       0.490       5.277
     195.800    7097.067       0.018       1.737       1.305       5.767       0.490       5.277
     195.900    7097.151       0.018       1.738       1.305       5.767       0.490       5.277
     196.000    7097.236       0.018       1.738       1.305       5.767       0.490       5.278
     196.100    7097.320       0.018       1.738       1.305       5.767       0.489       5.278
     196.200    7097.404       0.018       1.738       1.305       5.767       0.489       5.278
     196.300    7097.488       0.018       1.738       1.305       5.767       0.489       5.278
     196.400    7097.573       0.018       1.738       1.305       5.768       0.489       5.278
     196.500    7097.657       0.018       1.738       1.305       5.768       0.489       5.279
     196.600    7097.741       0.018       1.738       1.305       5.768       0.489       5.279
     196.700    7097.826       0.018       1.738       1.305       5.768       0.489       5.279
     196.800    7097.910       0.018       1.738       1.305       5.768       0.489       5.279
     196.900    7097.994       0.018       1.738       1.305       5.768       0.489       5.280
     197.000    7098.079       0.018       1.738       1.305       5.768       0.488       5.280
     197.100    7098.163       0.018       1.738       1.305       5.768       0.488       5.280
     197.200    7098.248       0.018       1.738       1.305       5.768       0.488       5.280
     197.300    7098.333       0.019       1.738       1.305       5.769       0.488       5.280
     197.400    7098.417       0.019       1.738       1.305       5.769       0.488       5.281
     197.500    7098.502       0.019       1.738       1.305       5.769       0.488       5.281
     197.600    7098.586       0.019       1.738       1.305       5.769       0.488       5.281
     197.700    7098.671       0.019       1.738       1.305       5.769       0.488       5.281
     197.800    7098.756       0.019       1.738       1.304       5.769       0.487       5.282
     197.900    7098.840       0.019       1.738       1.304       5.769       0.487       5.282
     198.000    7098.925       0.019       1.738       1.304       5.769       0.487       5.282
     198.100    7099.010       0.019       1.738       1.304       5.769       0.487       5.282
     198.200    7099.095       0.019       1.738       1.304       5.769       0.487       5.282
     198.300    7099.179       0.019       1.738       1.304       5.770       0.487       5.283
     198.400    7099.264       0.019       1.738       1.304       5.770       0.487       5.283
     198.500    7099.349       0.019       1.738       1.304       5.770       0.487       5.283
     198.600    7099.434       0.019       1.738       1.304       5.770       0.487       5.283
     198.700    7099.519       0.019       1.738       1.304       5.770       0.486       5.284
     198.800    7099.604       0.019       1.738       1.304       5.770       0.486       5.284
     198.900    7099.689       0.019       1.738       1.304       5.770       0.486       5.284
     199.000    7099.774       0.019       1.738       1.304       5.770       0.486       5.284
     199.100    7099.859       0.019       1.738       1.304       5.770       0.486       5.284
     199.200    7099.944       0.019       1.738       1.304       5.771       0.486       5.285
     199.300    7100.029       0.019       1.739       1.304       5.771       0.486       5.285
     199.400    7100.114       0.019       1.739       1.304       5.771       0.486       5.285
     199.500    7100.199       0.019       1.739       1.304       5.771       0.486       5.285
     199.600    7100.285       0.019       1.739       1.304       5.771       0.485       5.285
     199.700    7100.370       0.019       1.739       1.304       5.771       0.485       5.286
     199.800    7100.455       0.019       1.739       1.304       5.771       0.485       5.286
     199.900    7100.540       0.019       1.739       1.304       5.771       0.485       5.286
     200.000    7100.625       0.019       1.739       1.304       5.771       0.485       5.286
     200.000    7100.625       0.019       1.739       1.304       5.771       0.485       5.286
